0 0.0002068851016768032 0.023021337229922653 100 12.19512195121951
0 0.00010733051534334098 0.023755627786757345 200 15.384615384615385
0 9.766012128735251e-05 0.024862480177607078 300 17.543859649122805
0 8.318743363752955e-05 0.02586654105116041 400 19.13875598086124
0 4.735006847744376e-05 0.027260434944799104 500 20.32520325203252
0 3.610951589717306e-05 0.025979310491904977 600 21.12676056338028
0 3.831026377144319e-05 0.024617500068105536 700 21.806853582554517
0 3.834032004657234e-05 0.02248584506408501 800 22.284122562674096
10 0.0001694216095501525 0.02302615818081453 100 12.987012987012987
10 0.0001052944855457206 0.02405105815247401 200 16.129032258064516
10 9.388488602631002e-05 0.024511509894933482 300 18.181818181818183
10 8.140818973723888e-05 0.02485626589654462 400 19.704433497536947
10 4.342258007761026e-05 0.02592213299705617 500 20.833333333333332
10 3.5841475677611156e-05 0.02438250318678135 600 21.58273381294964
10 3.763604418976216e-05 0.02264111649417029 700 22.22222222222222
10 3.769302569710878e-05 0.020187201298559537 800 22.662889518413596
20 0.00013937730189553365 0.0197569179402449 100 13.88888888888889
20 9.329167249146685e-05 0.02299493654820197 200 16.94915254237288
20 8.622099889706357e-05 0.022902905563199814 300 18.867924528301888
20 6.422794015141926e-05 0.023301610074033325 400 20.30456852791878
20 3.882934266622206e-05 0.02312392397627785 500 21.367521367521366
20 3.3540367506129153e-05 0.021591105390677653 600 22.14022140221402
20 3.65548859556143e-05 0.01978982656141851 700 22.653721682847895
20 3.8762368916904945e-05 0.016943638442174905 800 23.12138728323699
30 9.141776281659356e-05 0.017770950420380672 100 14.925373134328359
30 7.601726915346693e-05 0.021647020396061447 200 17.857142857142854
30 7.676133037618955e-05 0.021848878812909693 300 19.6078431372549
30 5.832446459411917e-05 0.021035336676582986 400 21.05263157894737
30 3.334775925300673e-05 0.02073751269363745 500 22.026431718061673
30 3.360511461042811e-05 0.019795884871159297 600 22.641509433962263
30 3.5911280834349606e-05 0.017237240049376108 700 23.178807947019866
30 4.088123576133363e-05 0.01378184443955046 800 23.529411764705884
40 5.6530672268780116e-05 0.016933957726912877 100 16.129032258064516
40 5.779408391804388e-05 0.020851841057330768 200 18.867924528301884
40 6.696992746008558e-05 0.01928760904122663 300 20.408163265306122
40 5.1324135599742615e-05 0.018673432066282428 400 21.739130434782606
40 2.934481813097775e-05 0.018160267307461262 500 22.62443438914027
40 3.4521201825621527e-05 0.01742772172778267 600 23.166023166023162
40 3.783540279344181e-05 0.014075351295788243 700 23.64864864864865
40 4.2462288498826765e-05 0.012317765869151554 800 23.952095808383234
50 2.897636414661398e-05 0.01988422988054364 100 17.241379310344826
50 4.059332641593512e-05 0.016913587183001667 200 19.8019801980198
50 5.263805284653049e-05 0.01665553785483345 300 21.27659574468085
50 3.5068428770538955e-05 0.016030754282421688 400 22.47191011235955
50 3.417211241775635e-05 0.01495634742950484 500 23.148148148148145
50 4.084606560215533e-05 0.015189937452009878 600 23.715415019762844
50 4.241889372378103e-05 0.010285304460188443 700 24.054982817869416
50 4.5573762109315684e-05 0.005159511868570996 800 24.316109422492403
60 2.124438011211217e-05 0.021924281921313345 100 18.51851851851852
60 4.878701583591886e-05 0.018093783204130437 200 20.618556701030926
60 4.774276863168622e-05 0.015532931902309522 300 21.8978102189781
60 3.193840478809216e-05 0.015361538137955816 400 22.988505747126435
60 3.3566089026581954e-05 0.013025425144502766 500 23.696682464454973
60 4.7932012266111515e-05 0.013849823966609442 600 24.096385542168672
60 4.6915548273589114e-05 0.00863366933984429 700 24.475524475524473
60 5.224155730940822e-05 0.004254984160343004 800 24.691358024691358
70 4.291937317203758e-05 0.01256203123892292 100 19.23076923076923
70 5.938446691930766e-05 0.01946072635008773 200 21.27659574468085
70 4.2959460605442107e-05 0.014626651025033814 300 22.55639097744361
70 2.780287318506468e-05 0.015833661359368353 400 23.529411764705884
70 2.847840629665626e-05 0.013966131433610007 500 24.154589371980673
70 3.897081349923509e-05 0.011172625461657598 600 24.489795918367346
70 4.466097842387269e-05 0.008781884670089397 700 24.822695035460992
70 4.670775976631637e-05 0.012345516727862658 800 25.0
80 3.252837337373884e-05 0.016029643885265694 100 20.408163265306122
80 4.844806964132412e-05 0.017466367913673057 200 21.978021978021978
80 4.4998454218848655e-05 0.014111489386018044 300 23.25581395348837
80 2.9116039291249667e-05 0.014493973348023654 400 24.096385542168672
80 3.3343351862233024e-05 0.012413670992703262 500 24.509803921568626
80 4.29056857191489e-05 0.010284034587160292 600 24.896265560165972
80 4.7818262138837244e-05 0.007195820695102734 700 25.089605734767023
80 5.010419378077829e-05 0.012358726730995993 800 25.31645569620253
90 5.508477974444571e-05 0.023228727847027297 100 21.27659574468085
90 6.013558076348848e-05 0.018888683315387927 200 22.47191011235955
90 5.120123848722129e-05 0.014741332473716224 300 23.809523809523807
90 3.339955558621518e-05 0.01357221626179683 400 24.539877300613497
90 4.264086049194008e-05 0.011919490055471991 500 24.87562189054726
90 4.420653411576559e-05 0.009564696715326166 600 25.210084033613445
90 5.0297266451548715e-05 0.005698822326695045 700 25.362318840579707
90 5.294829975237377e-05 0.016342891710012887 800 25.477707006369425
100 6.212407097551959e-05 0.02508551226253445 100 21.739130434782606
100 7.105927529075601e-05 0.019149932619118525 200 23.255813953488374
100 4.480768677683674e-05 0.016056248688045317 300 24.390243902439025
100 3.3807033763338354e-05 0.015199067507602405 400 24.844720496894407
100 4.288706208650188e-05 0.01433075275730934 500 25.252525252525253
100 4.5925189624086634e-05 0.01025558689992161 600 25.423728813559322
100 5.152974405186591e-05 0.009072057141729173 700 25.54744525547445
100 5.27838982674204e-05 0.018650533515299095 800 25.723472668810288
110 8.567968088310186e-05 0.01158658770998721 100 22.22222222222222
110 7.044204615448345e-05 0.014046375600130586 200 23.80952380952381
110 3.260757847532509e-05 0.015198497759048737 300 24.793388429752063
110 3.642855644499758e-05 0.0129485769066228 400 25.157232704402514
110 4.8378049016620044e-05 0.013546927616199553 500 25.51020408163265
110 4.96337592471017e-05 0.00787938791960493 600 25.64102564102564
110 5.397709797148437e-05 0.00809602759459195 700 25.830258302583026
110 5.819439063600387e-05 0.01881279344246822 800 25.88996763754045
120 8.983318203560251e-05 0.0256063928722344 100 22.727272727272727
120 5.5981445772244785e-05 0.01325580348896166 200 24.096385542168672
120 4.561830670101686e-05 0.01423808212829813 300 25.210084033613445
120 4.63752760266909e-05 0.011786224556109098 400 25.477707006369425
120 5.533570137355675e-05 0.00842650431617541 500 25.773195876288657
120 5.9389834785997845e-05 0.006263309196449041 600 25.86206896551724
120 5.9589956700408925e-05 0.014799361547403373 700 25.925925925925927
120 6.329246084759427e-05 0.018262872404097838 800 25.974025974025974
130 0.00010847770073657125 0.015490170533544578 100 23.255813953488374
130 5.956823228932962e-05 0.012234673396216813 200 24.691358024691358
130 3.7334399352350205e-05 0.012737919982421651 300 25.423728813559322
130 4.377081546313252e-05 0.010070956287651964 400 25.64102564102564
130 5.000301983500616e-05 0.007439598136685047 500 25.906735751295336
130 5.3939244221375876e-05 0.0037397037987572613 600 25.974025974025974
130 5.681735856914052e-05 0.01890290715811508 700 26.119402985074625
130 5.291393094949765e-05 0.018744250779884217 800 26.143790849673202
140 9.974081495595526e-05 0.01393556501153899 100 23.80952380952381
140 4.483877185264642e-05 0.010843682116270075 200 25.0
140 4.3941564365853975e-05 0.009595758201754012 300 25.64102564102564
140 5.698654916716657e-05 0.007519483669357102 400 25.974025974025974
140 5.421644277467773e-05 0.005162878345394443 500 26.041666666666664
140 6.32137288983266e-05 0.0010410916201105563 600 26.08695652173913
140 6.141200140894178e-05 0.024254546808914677 700 26.217228464419474
140 4.9079152736820454e-05 0.018149039205129492 800 26.229508196721312
150 8.215424512036904e-05 0.013178667815185894 100 23.80952380952381
150 3.159780733187751e-05 0.011928567981812997 200 25.64102564102564
150 5.861270338090304e-05 0.009855597548114471 300 25.86206896551724
150 6.53863015890338e-05 0.011473947165828485 400 26.143790849673202
150 6.21940564552172e-05 0.004790532996693638 500 26.178010471204185
150 6.433885630499365e-05 0.00416447981399225 600 26.200873362445414
150 7.218649178114595e-05 0.023499327814656 700 26.31578947368421
150 4.7059811022924475e-05 0.0209672877554533 800 26.31578947368421
160 4.031785505061057e-05 0.006994286033292201 100 25.0
160 7.268866899926382e-05 0.006675914301462012 200 25.974025974025974
160 7.484976139618367e-05 0.005485816578584702 300 26.08695652173913
160 8.333046631566846e-05 0.004475951467044293 400 26.31578947368421
160 7.751911798662217e-05 0.00716092413053898 500 26.31578947368421
160 7.729559828074749e-05 0.022964556015095988 600 26.31578947368421
160 8.171015088707915e-05 0.026924748925703294 700 26.41509433962264
160 5.9096595375653595e-05 0.0279212167773915 800 26.402640264026402
170 4.807240995583946e-05 0.007156465958087848 100 25.64102564102564
170 8.759815653501349e-05 0.006614829378490662 200 26.31578947368421
170 8.111174145434572e-05 0.005079485580479601 300 26.31578947368421
170 8.28079931686529e-05 0.005444507795977057 400 26.31578947368421
170 8.269126366592214e-05 0.0076274324918140035 500 26.455026455026452
170 7.926949025145398e-05 0.02593037811805868 600 26.431718061674005
170 7.280966063879324e-05 0.02731260653358673 700 26.41509433962264
170 5.9826976220810243e-05 0.03716770174989574 800 26.49006622516556
180 6.116058894508452e-05 0.01073052372639001 100 25.64102564102564
180 0.00010956140166659895 0.004968638791193914 200 26.31578947368421
180 0.00010594663724712836 0.0057880345482163075 300 26.54867256637168
180 9.036086803606163e-05 0.008233855173377358 400 26.49006622516556
180 9.416088574030027e-05 0.01179694884731009 500 26.455026455026452
180 8.700610183101171e-05 0.030044830961826932 600 26.54867256637168
180 7.024225225145606e-05 0.027814152979345017 700 26.515151515151512
180 6.40613935563685e-05 0.046076793392051056 800 26.49006622516556
190 4.4523616621449715e-05 0.007912258599212527 100 26.31578947368421
190 0.00011278833375348315 0.007073760224973929 200 26.31578947368421
190 0.00010372576369677769 0.012687671839458759 300 26.54867256637168
190 8.994291738060203e-05 0.01008091581341799 400 26.49006622516556
190 8.74938479833549e-05 0.013727668432256222 500 26.455026455026452
190 9.326214404894294e-05 0.032098823293087574 600 26.54867256637168
190 6.089079689166145e-05 0.029958919221866855 700 26.515151515151512
190 6.530458575212853e-05 0.04562127829553503 800 26.49006622516556
200 0.0001441721028444492 0.012369477373137388 100 26.31578947368421
200 0.00011311791035732789 0.010672783103904054 200 26.31578947368421
200 0.00010700593933555499 0.009312882600329085 300 26.54867256637168
200 9.667796922721201e-05 0.011874471171097443 400 26.49006622516556
200 9.254271682859672e-05 0.027682440509521764 500 26.455026455026452
200 9.470930969793602e-05 0.03185147382586961 600 26.431718061674005
200 6.723556007503883e-05 0.03585207174211288 700 26.515151515151512
200 6.952871620445061e-05 0.044999444797585476 800 26.402640264026402
210 0.00018489627559167363 0.007673361366162772 100 25.64102564102564
210 0.00012893098879947486 0.00962648440166686 200 26.31578947368421
210 0.00011181434364136098 0.010841129320638491 300 26.31578947368421
210 0.00010190514457634378 0.013491750132494838 400 26.49006622516556
210 9.69336107900809e-05 0.03153468674469184 500 26.455026455026452
210 8.350240155162745e-05 0.03331864874500751 600 26.431718061674005
210 6.867345682966092e-05 0.04378377716434742 700 26.41509433962264
210 6.852987514246636e-05 0.046565963843312456 800 26.402640264026402
220 0.00018263632563386578 0.007257603816710229 100 25.64102564102564
220 0.00014165781220799772 0.014505385507003817 200 26.31578947368421
220 0.0001094903779350258 0.012244222873888096 300 26.31578947368421
220 0.00010458044963991966 0.014288857304517556 400 26.31578947368421
220 9.679755840065295e-05 0.037324158456820904 500 26.455026455026452
220 7.464314496437751e-05 0.030385821117180155 600 26.431718061674005
220 6.830017630018516e-05 0.05085029472354768 700 26.41509433962264
220 7.167531347431379e-05 0.04635571621633703 800 26.31578947368421
230 0.00012836857174726356 0.009015118817047233 100 25.64102564102564
230 0.00011513253746840922 0.016961358503333086 200 26.31578947368421
230 9.440599870071127e-05 0.00839119808013471 300 26.31578947368421
230 9.102816181809218e-05 0.019140328833609676 400 26.31578947368421
230 9.252819805917055e-05 0.03560156986971563 500 26.455026455026452
230 5.930640476783867e-05 0.03397896300834889 600 26.431718061674005
230 6.451127755376297e-05 0.049243866132471927 700 26.41509433962264
230 5.858453004964871e-05 0.043972330716613196 800 26.31578947368421
240 8.305664986000732e-05 0.010060563951717207 100 25.64102564102564
240 7.698994552637045e-05 0.008133102365392298 200 25.974025974025974
240 8.026061944209432e-05 0.006383433595335149 300 26.31578947368421
240 7.890172359448396e-05 0.03230975248685854 400 26.31578947368421
240 7.674087847376154e-05 0.03411728991390186 500 26.31578947368421
240 5.3217789262011835e-05 0.036059581773527645 600 26.431718061674005
240 5.665540258334656e-05 0.04671881954553589 700 26.31578947368421
240 5.117946854969465e-05 0.04135689884625871 800 26.229508196721312
250 0.000125870266510873 0.012590375474602731 100 25.64102564102564
250 8.46806763334356e-05 0.008950560753025166 200 25.974025974025974
250 8.256926489141375e-05 0.005404827823783203 300 26.31578947368421
250 8.236555062910289e-05 0.03898129351800137 400 26.31578947368421
250 6.385784409883332e-05 0.02957788442548666 500 26.31578947368421
250 5.419154540999949e-05 0.049410207060388185 600 26.31578947368421
250 5.82554188605633e-05 0.04695232443540692 700 26.31578947368421
250 4.975541587766698e-05 0.03934081155070434 800 26.229508196721312
260 0.00010450280765306867 0.023431711156227695 100 25.64102564102564
260 7.651770819515526e-05 0.008975721380397716 200 25.974025974025974
260 8.207543811680755e-05 0.010399731262455218 300 26.31578947368421
260 7.514754508144331e-05 0.04392047756617841 400 26.31578947368421
260 5.121578003031947e-05 0.030542836666082342 500 26.31578947368421
260 5.5528259500985425e-05 0.05502954162651107 600 26.31578947368421
260 5.42909576081184e-05 0.0460492214694839 700 26.31578947368421
260 4.562200374788264e-05 0.03906260847814903 800 26.143790849673202
270 0.00012955198529812715 0.027486027860167152 100 25.64102564102564
270 8.75874021330937e-05 0.0075951397331789116 200 25.974025974025974
270 8.917890285937425e-05 0.024540298689293166 300 26.31578947368421
270 8.945387423208282e-05 0.04301894408662478 400 26.31578947368421
270 4.805209429490036e-05 0.03725442909754384 500 26.31578947368421
270 5.6464865446970456e-05 0.05496039641279745 600 26.31578947368421
270 5.03750020329995e-05 0.04677597177892816 700 26.217228464419474
270 4.8127888953512826e-05 0.03934582277832956 800 26.143790849673202
280 8.64592818605512e-05 0.012564706629886986 100 25.64102564102564
280 8.546313058142694e-05 0.007514476694015249 200 25.974025974025974
280 7.678988940795515e-05 0.0444542973338139 300 26.31578947368421
280 7.326016416110012e-05 0.043089108609010725 400 26.31578947368421
280 4.62371821926795e-05 0.04887289047677182 500 26.31578947368421
280 5.238052964701967e-05 0.054717408300059965 600 26.31578947368421
280 4.693761181184927e-05 0.044625496674105675 700 26.217228464419474
280 4.3273216046683125e-05 0.03862442532023448 800 26.0586319218241
290 6.07202606409911e-05 0.015036163953950655 100 25.64102564102564
290 7.743671505783924e-05 0.010304042110049417 200 25.974025974025974
290 7.199711037657743e-05 0.054850860462667794 300 26.31578947368421
290 4.948800431087096e-05 0.03694188742522286 400 26.31578947368421
290 4.021828743813982e-05 0.06558200753007506 500 26.31578947368421
290 4.8891349069882825e-05 0.054280552647686046 600 26.200873362445414
290 3.905186973339831e-05 0.04341496877888953 700 26.119402985074625
290 3.901368093364323e-05 0.03762025104824094 800 26.0586319218241
300 5.9609317998519056e-05 0.01919078399612503 100 25.64102564102564
300 7.091739673084678e-05 0.020385375901338737 200 25.974025974025974
300 7.764960189123957e-05 0.06610915821427162 300 26.31578947368421
300 3.402662160865315e-05 0.04550585689137427 400 26.31578947368421
300 4.399543547288919e-05 0.07009340977719943 500 26.31578947368421
300 4.14369195637832e-05 0.05641618345379373 600 26.200873362445414
300 3.8265043399037816e-05 0.04609266022302761 700 26.119402985074625
300 3.6115998683100887e-05 0.04055797897518513 800 26.0586319218241
310 5.452357811853515e-05 0.011396549611131034 100 25.64102564102564
310 6.495466244642623e-05 0.058247445794652394 200 25.974025974025974
310 7.897654133993242e-05 0.0581998689042639 300 26.08695652173913
310 3.226713474604667e-05 0.04622368697151257 400 26.31578947368421
310 4.313126062261258e-05 0.06426772838513069 500 26.178010471204185
310 3.894722009059487e-05 0.053722565745959086 600 26.200873362445414
310 3.750318535192576e-05 0.04339862372319002 700 26.022304832713754
310 3.6116859061942816e-05 0.038998956891922634 800 26.0586319218241
320 8.416247971003625e-05 0.00974739978835191 100 25.64102564102564
320 7.43255982712582e-05 0.07736264722971539 200 25.974025974025974
320 6.058359793108866e-05 0.05833031530836753 300 26.08695652173913
320 3.808230834924111e-05 0.06831970735643039 400 26.31578947368421
320 4.564813013557162e-05 0.06570803485635777 500 26.178010471204185
320 4.07899412587725e-05 0.05145067599130718 600 26.08695652173913
320 3.616827540924887e-05 0.04346404423171999 700 26.022304832713754
320 3.870731749430351e-05 0.039940350479916564 800 26.0586319218241
330 0.00011269614160405064 0.016138394836892736 100 25.64102564102564
330 8.222152709359644e-05 0.09298955692943135 200 25.974025974025974
330 4.155322471235196e-05 0.05018118696914443 300 26.08695652173913
330 4.122903089419768e-05 0.08390160776872618 400 26.143790849673202
330 5.259028246152195e-05 0.06627859848782199 500 26.178010471204185
330 3.939509170204654e-05 0.05152165176688893 600 26.08695652173913
330 3.748268054031929e-05 0.043452091197093694 700 26.022304832713754
330 3.940366297373106e-05 0.03948651162083984 800 26.0586319218241
340 7.853950141847566e-05 0.04219229030246316 100 25.64102564102564
340 9.697951249466424e-05 0.09061319205599135 200 25.974025974025974
340 3.0213290141187948e-05 0.05623168633879185 300 26.08695652173913
340 4.6242780249281975e-05 0.083484666919815 400 26.143790849673202
340 4.2111304196300064e-05 0.0643759600178258 500 26.178010471204185
340 3.624239433493959e-05 0.05106814155669705 600 25.974025974025974
340 3.577498227845804e-05 0.04383456287190904 700 26.022304832713754
340 3.62924325222285e-05 0.03994965577288695 800 26.0586319218241
350 7.990019000672298e-05 0.13743731867610554 100 25.64102564102564
350 9.319715346519824e-05 0.08796763551157995 200 25.974025974025974
350 3.554515278926073e-05 0.07267532387775402 300 26.08695652173913
350 4.748180958567034e-05 0.08108945960850082 400 26.143790849673202
350 3.755151525630684e-05 0.06432565523698924 500 26.041666666666664
350 3.514435778006536e-05 0.05053626462873379 600 25.974025974025974
350 3.636662598368167e-05 0.04479539533242024 700 25.925925925925927
350 3.5926004926755904e-05 0.04043180317620915 800 26.143790849673202
360 7.811239901054394e-05 0.14340113990402098 100 25.64102564102564
360 4.681132904003002e-05 0.08347884581869738 200 25.974025974025974
360 2.5522231359180153e-05 0.08859244575997852 300 26.08695652173913
360 3.6879285349640784e-05 0.08039802823695404 400 26.143790849673202
360 3.414059345033111e-05 0.05988087286614713 500 26.041666666666664
360 3.331074294341318e-05 0.04928296908065151 600 25.86206896551724
360 3.5583538715632814e-05 0.044231010609600045 700 26.022304832713754
360 3.4565473602851535e-05 0.03931325901237857 800 26.143790849673202
370 6.815667162526822e-05 0.16943834216142967 100 25.64102564102564
370 1.5674262834450933e-05 0.06703809616385481 200 25.974025974025974
370 2.4125133588149213e-05 0.106553001681225 300 26.08695652173913
370 4.089284136538304e-05 0.0786703313444114 400 25.974025974025974
370 2.6231428542306886e-05 0.05811750474382344 500 25.906735751295336
370 2.7083943380532883e-05 0.04771460702885304 600 25.86206896551724
370 3.1309936343358265e-05 0.04237485617421283 700 26.022304832713754
370 3.12300223826302e-05 0.03812690681493902 800 26.143790849673202
380 9.435928527535939e-05 0.09928871302823138 100 25.64102564102564
380 7.73319964490204e-06 0.054196209445058235 200 25.974025974025974
380 3.6990808436745414e-05 0.08454638133504445 300 26.08695652173913
380 3.067750334205775e-05 0.061128895422968704 400 25.974025974025974
380 2.589364363699015e-05 0.04493981611673736 500 25.906735751295336
380 2.6523159367712942e-05 0.03789898647103838 600 25.86206896551724
380 2.8695475317272828e-05 0.034285684925410516 700 26.022304832713754
380 3.040119683141477e-05 0.03101445449271143 800 26.143790849673202
390 8.734487239702613e-05 0.038640977576308154 100 25.64102564102564
390 1.0205932951462752e-05 0.03859484546660799 200 25.974025974025974
390 3.2986113296423586e-05 0.06235250750729796 300 26.08695652173913
390 2.616875165556504e-05 0.04543186614868854 400 25.974025974025974
390 2.325578081578087e-05 0.03321506644263678 500 25.773195876288657
390 2.8012188317870628e-05 0.029544639748783533 600 25.86206896551724
390 2.8678058718503945e-05 0.02628465590703852 700 26.022304832713754
390 3.0200421725110012e-05 0.02481408216398654 800 26.143790849673202
400 1.5385499637593566e-05 0.010587967130493849 100 25.64102564102564
400 2.335085557970698e-05 0.06934379810308734 200 25.974025974025974
400 3.4575572624956404e-05 0.05408555348718051 300 25.86206896551724
400 2.231473057085317e-05 0.034302710025938106 400 25.806451612903224
400 2.4793400709054728e-05 0.02688844256918292 500 25.773195876288657
400 2.8847926511395688e-05 0.024475959147109566 600 25.86206896551724
400 2.8728757308301423e-05 0.02182645500330181 700 26.119402985074625
400 3.128144421132599e-05 0.021090582610807714 800 26.229508196721312
410 5.184591683561731e-05 0.03644704638560798 100 25.64102564102564
410 2.9693672538797095e-05 0.07568847254468505 200 25.974025974025974
410 3.434571139580659e-05 0.046261339744112624 300 25.86206896551724
410 1.840708925983876e-05 0.03083700617248073 400 25.806451612903224
410 1.9012240097418754e-05 0.024309228008405823 500 25.773195876288657
410 2.409878801244803e-05 0.022092888568057453 600 25.974025974025974
410 2.6675234815361912e-05 0.020441921527887378 700 26.119402985074625
410 3.073108507871274e-05 0.019641737214349538 800 26.229508196721312
420 0.00011972426671658698 0.00907635653769045 100 25.64102564102564
420 3.912716646113959e-05 0.07722510019594273 200 25.64102564102564
420 2.3943658911232242e-05 0.04923707023778915 300 25.86206896551724
420 1.1553321288769467e-05 0.03353731917374789 400 25.64102564102564
420 1.4090709619155164e-05 0.028170102088985596 500 25.773195876288657
420 1.9408005463322775e-05 0.025934181247400292 600 25.974025974025974
420 2.1951088156124074e-05 0.023414186735158826 700 26.119402985074625
420 2.2847403097494504e-05 0.02293808583807699 800 26.143790849673202
430 7.570932092139115e-05 0.040978695141462886 100 25.64102564102564
430 3.060584418174629e-05 0.07769140194194159 200 25.64102564102564
430 2.0187290796410733e-05 0.04562858195294295 300 25.64102564102564
430 1.4944139498214447e-05 0.03316544800252248 400 25.64102564102564
430 2.0447978618351945e-05 0.029766234410971804 500 25.773195876288657
430 2.2647484531611026e-05 0.025530568298827352 600 25.974025974025974
430 2.591628886875982e-05 0.023902822167625244 700 26.119402985074625
430 2.3076694678150423e-05 0.023531068528895097 800 26.143790849673202
440 4.309557851894759e-05 0.15016438977156749 100 25.64102564102564
440 5.783012130932842e-05 0.08942905342952198 200 25.64102564102564
440 2.7985045670314153e-05 0.05143858227182883 300 25.64102564102564
440 2.9392353004359758e-05 0.03770354909927378 400 25.64102564102564
440 3.469847112125346e-05 0.03232005647820169 500 25.773195876288657
440 3.145941620104356e-05 0.028286786371602257 600 26.08695652173913
440 3.609300284480243e-05 0.02663179671177126 700 26.119402985074625
440 2.7112434101303617e-05 0.025647891328938632 800 26.143790849673202
450 7.848927195254394e-05 0.17730724106068965 100 25.0
450 5.706802111993575e-05 0.08232827076143527 200 25.64102564102564
450 3.7811218217043184e-05 0.04947552453039337 300 25.64102564102564
450 3.4618192538756565e-05 0.03690106260233816 400 25.64102564102564
450 3.8326668112758096e-05 0.03146531244666803 500 25.773195876288657
450 3.776485045626683e-05 0.028294184995974768 600 26.08695652173913
450 4.264459251467086e-05 0.026386579340920646 700 26.119402985074625
450 3.136755711734305e-05 0.02840402847055782 800 26.0586319218241
460 9.945683737751252e-05 0.13704897102373217 100 25.0
460 5.4661470090818794e-05 0.06870768012555976 200 25.31645569620253
460 4.441593989333932e-05 0.03926804838781895 300 25.423728813559322
460 4.003938008511433e-05 0.03113553608389473 400 25.64102564102564
460 4.0812619107973094e-05 0.027391922072516603 500 25.906735751295336
460 4.137013245132968e-05 0.024685392078720725 600 26.08695652173913
460 3.7923222027574815e-05 0.024684236395714904 700 26.119402985074625
460 2.9452834198484668e-05 0.025264119633273668 800 25.974025974025974
470 7.593969726147593e-05 0.08690681622083198 100 25.0
470 4.524346751146155e-05 0.03222567857371726 200 25.31645569620253
470 3.327905107199487e-05 0.020558849655957452 300 25.423728813559322
470 4.067950041040188e-05 0.018900125937680215 400 25.64102564102564
470 3.652349847205187e-05 0.016120117452348717 500 25.906735751295336
470 4.070252867063411e-05 0.015993348325051494 600 26.08695652173913
470 3.4957288106335255e-05 0.017341098635548297 700 26.119402985074625
470 2.8402874503268564e-05 0.019565389780843174 800 25.88996763754045
480 9.483881859486827e-05 0.009194104220284967 100 25.0
480 3.7580399899377694e-05 0.013929372226329286 200 25.31645569620253
480 3.6010402761211924e-05 0.011895554362769695 300 25.423728813559322
480 4.1471697208657246e-05 0.007591671479261636 400 25.64102564102564
480 3.6219549812187925e-05 0.005002997683454085 500 26.041666666666664
480 3.740732301960478e-05 0.004271582048382973 600 26.08695652173913
480 2.685107210239839e-05 0.006527671547716597 700 26.119402985074625
480 2.864016630374127e-05 0.009708433658688898 800 25.806451612903224
490 3.1824745892257754e-05 0.015273527902172467 100 25.0
490 2.94621235444428e-05 0.016223030985306662 200 25.31645569620253
490 2.7539400132935525e-05 0.012243271456979295 300 25.423728813559322
490 3.267156562795451e-05 0.008456884804933132 400 25.806451612903224
490 3.238561295942021e-05 0.0061441297395703805 500 26.041666666666664
490 3.8501714878356865e-05 0.005209109320410917 600 26.200873362445414
490 2.5100338750510536e-05 0.008904354407064713 700 26.022304832713754
490 2.7492363851176948e-05 0.010002619488324774 800 25.723472668810288
500 3.02626241057351e-05 0.009855841696375487 100 25.0
500 3.73974905003785e-05 0.015160162857606782 200 25.0
500 3.778034001337358e-05 0.010814656815028965 300 25.423728813559322
500 2.9672344832244085e-05 0.009136692483590702 400 25.806451612903224
500 3.3233428430164296e-05 0.008158446894882316 500 26.041666666666664
500 2.905410588183106e-05 0.008902348475595725 600 26.200873362445414
500 2.246296440536775e-05 0.011247222168161134 700 25.925925925925927
500 2.3937356187692403e-05 0.012007074400938005 800 25.559105431309902
510 2.0191919363950522e-05 0.022107964824649225 100 25.0
510 2.404772205021458e-05 0.016477860797912382 200 25.0
510 3.232360936741988e-05 0.010558240428957083 300 25.423728813559322
510 2.742795285829754e-05 0.008235409354772998 400 25.974025974025974
510 3.388671870020781e-05 0.007191028249877608 500 26.178010471204185
510 2.5770378274603294e-05 0.007943691043199702 600 26.08695652173913
510 2.227756397859775e-05 0.011172095967974487 700 25.830258302583026
510 1.9850235065071017e-05 0.011009683769777366 800 25.396825396825395
520 3.1169014454633656e-05 0.025520545341308428 100 24.39024390243902
520 1.566795319868175e-05 0.018670252479335337 200 25.0
520 2.2480014640392355e-05 0.013561824970269592 300 25.64102564102564
520 2.350568150338713e-05 0.010738844335806106 400 25.974025974025974
520 2.4709247441786228e-05 0.009149328496873891 500 26.178010471204185
520 1.5718577121557735e-05 0.008814465629827599 600 26.08695652173913
520 1.9930941183768058e-05 0.011574003990111397 700 25.735294117647054
520 1.6667609344079024e-05 0.012034277675887294 800 25.236593059936908
530 4.121663441269679e-05 0.019596583496341077 100 24.39024390243902
530 3.164743641447364e-05 0.012707859107133457 200 25.0
530 2.9879186990583844e-05 0.00974320697033226 300 25.64102564102564
530 3.217209213083179e-05 0.008456612930086283 400 25.974025974025974
530 3.7835305448158e-05 0.00848517233481837 500 26.178010471204185
530 2.4138759629831614e-05 0.012533556559579136 600 26.08695652173913
530 2.528903702853233e-05 0.012891055802113065 700 25.64102564102564
530 1.787769713746443e-05 0.013258416089147084 800 25.078369905956112
540 4.42384364338694e-05 0.022886779262313323 100 24.39024390243902
540 4.333705756891116e-05 0.011757966591247584 200 25.31645569620253
540 3.360830121679718e-05 0.00933830352712937 300 25.86206896551724
540 3.68542184121179e-05 0.008415280900997841 400 26.143790849673202
540 3.090364997859324e-05 0.009727378618745602 500 26.178010471204185
540 2.2063716176877553e-05 0.012574265958056642 600 25.974025974025974
540 2.341896564232092e-05 0.01311314317863199 700 25.454545454545453
540 1.7517545708609277e-05 0.014429958772895777 800 24.844720496894407
550 3.305959588074281e-05 0.01466961581228305 100 24.39024390243902
550 4.3092491675468656e-05 0.013299930026752107 200 25.31645569620253
550 3.3746108922690175e-05 0.011005801187420502 300 26.08695652173913
550 3.9551582946454524e-05 0.011109765169478822 400 26.31578947368421
550 2.884571619270202e-05 0.01262268281994167 500 26.178010471204185
550 2.532548528023266e-05 0.01640595169281929 600 25.86206896551724
550 2.077768976587322e-05 0.015305262661863878 700 25.362318840579707
550 1.7596854761762203e-05 0.01639900131207807 800 24.464831804281342
560 3.670564227824794e-05 0.011992820971175964 100 24.39024390243902
560 4.503827686067722e-05 0.010536705506709107 200 25.64102564102564
560 4.000469632441709e-05 0.009608395773767568 300 26.08695652173913
560 4.0398726194783765e-05 0.010641371174597524 400 26.31578947368421
560 2.2512549500965262e-05 0.012136158384020726 500 26.178010471204185
560 3.0220612485510923e-05 0.015881423744915215 600 25.75107296137339
560 2.2652120600577308e-05 0.016200984420491473 700 25.179856115107913
560 1.7727425107044006e-05 0.016157191335630813 800 24.024024024024023
570 3.6290540768953196e-05 0.009885558653003222 100 25.0
570 3.6683207656984525e-05 0.010642653431346768 200 25.974025974025974
570 3.95542158293472e-05 0.010573859148465245 300 26.31578947368421
570 4.4845437119425856e-05 0.012177874358548052 400 26.31578947368421
570 2.7704364353360672e-05 0.017032378663057735 500 26.178010471204185
570 2.8114476505148912e-05 0.016741545274767393 600 25.64102564102564
570 2.0361822828841433e-05 0.01667119777161924 700 25.0
570 1.6249313116931458e-05 0.016047119773640022 800 23.598820058997052
580 4.4859802461214596e-05 0.014789806270181787 100 25.0
580 4.506888042252727e-05 0.013373221128559947 200 25.974025974025974
580 4.17756576427733e-05 0.013613638212439728 300 26.31578947368421
580 3.316769211547457e-05 0.01539754530941817 400 26.49006622516556
580 2.5238170882225224e-05 0.018310051189333116 500 26.041666666666664
580 2.4151699944852437e-05 0.017717243409535167 600 25.53191489361702
580 1.8724263299554982e-05 0.01850900625277439 700 24.734982332155475
580 1.3122292462125365e-05 0.016324366985290086 800 23.054755043227665
590 6.059463373510956e-05 0.01936764352392836 100 25.64102564102564
590 4.680326683970175e-05 0.013555730952914114 200 26.31578947368421
590 5.043077006583645e-05 0.014297922910382977 300 26.54867256637168
590 3.125139511416535e-05 0.01603894670429158 400 26.31578947368421
590 2.7096324863151072e-05 0.020170827561564103 500 26.041666666666664
590 2.2769450248917975e-05 0.01827124922834331 600 25.316455696202528
590 1.8398893789299194e-05 0.01904468453686785 700 24.305555555555554
590 9.003568988584782e-06 0.016291426830844037 800 22.662889518413596
600 5.820064407246626e-05 0.016723625015064317 100 25.64102564102564
600 4.2639445917309584e-05 0.013895336499422668 200 26.31578947368421
600 5.046167854988703e-05 0.015303090496842732 300 26.54867256637168
600 2.1086846471284363e-05 0.016131687082460943 400 26.31578947368421
600 3.0694091536841334e-05 0.020006703143720325 500 25.773195876288657
600 2.2198995526819573e-05 0.01968313562133209 600 25.10460251046025
600 1.769011833987775e-05 0.018917451745435018 700 23.809523809523807
600 1.2470673653250191e-05 0.016750266828251707 800 22.22222222222222
610 5.37342379582079e-05 0.018638689005553197 100 25.64102564102564
610 4.359254439996461e-05 0.014418104588680942 200 26.666666666666668
610 4.99213044386039e-05 0.01612342968188247 300 26.54867256637168
610 2.6308697930525025e-05 0.021318264486981726 400 26.143790849673202
610 2.889983960858566e-05 0.019975003758363592 500 25.641025641025642
610 1.8510212037057645e-05 0.01953672612368045 600 24.793388429752063
610 1.4231804894565933e-05 0.01799528916851281 700 23.178807947019866
610 1.2851257886608852e-05 0.015551580360713873 800 21.798365122615802
620 5.694412649229849e-05 0.014071282597451495 100 26.31578947368421
620 4.3396717961915515e-05 0.015044082662773343 200 26.666666666666668
620 3.1432485691834895e-05 0.017165067573180686 300 26.54867256637168
620 2.0707703416091142e-05 0.02073643220693083 400 25.974025974025974
620 2.297979105276169e-05 0.019280668718193634 500 25.380710659898472
620 1.8856217666351828e-05 0.020063471603837462 600 24.390243902439025
620 1.024067682753157e-05 0.01679641078807674 700 22.653721682847895
620 1.6337561697309023e-05 0.01400888625722248 800 21.50537634408602
630 4.326077309746214e-05 0.012859531183577012 100 26.31578947368421
630 4.477000226955786e-05 0.01582366894392505 200 26.666666666666668
630 2.0381514241350928e-05 0.01762981228438062 300 26.31578947368421
630 1.9109457915980497e-05 0.022899169658375476 400 25.806451612903224
630 1.873639589322198e-05 0.020096304756148445 500 25.0
630 1.651603299209943e-05 0.02032223871629866 600 23.904382470119522
630 1.0085107081938229e-05 0.016351091717721727 700 22.082018927444793
630 1.8493203747094135e-05 0.01262387911134145 800 21.16402116402116
640 4.61981954277557e-05 0.01631546675907551 100 26.31578947368421
640 5.6978115225431067e-05 0.016739270078268566 200 26.666666666666668
640 1.761919452827441e-05 0.018142965132583695 300 26.08695652173913
640 2.659520247652643e-05 0.022934077935639677 400 25.477707006369425
640 1.8914199368629938e-05 0.021098153764436533 500 24.75247524752475
640 1.616423127541623e-05 0.02000751532859323 600 23.166023166023162
640 1.4664255885985158e-05 0.016413045604669718 700 21.53846153846154
640 2.0041781566623876e-05 0.013354685619457528 800 20.72538860103627
650 4.068394268260933e-05 0.014397532488395235 100 26.31578947368421
650 3.665363053046106e-05 0.018828244221544176 200 26.31578947368421
650 1.1973147989259248e-05 0.02251931461399369 300 25.86206896551724
650 2.084232657164484e-05 0.021609105448209202 400 25.157232704402514
650 8.620303396691e-06 0.021026788763796992 500 24.271844660194173
650 7.78831984345281e-06 0.018383631453128726 600 22.47191011235955
650 2.0218093865696935e-05 0.014555626403588312 700 21.08433734939759
650 2.256689318891016e-05 0.01225629232708756 800 20.30456852791878
660 5.27191914199102e-05 0.0197272588531842 100 26.31578947368421
660 3.1806753479677604e-05 0.022626250205254328 200 25.974025974025974
660 1.613540332237183e-05 0.02636348115217441 300 25.64102564102564
660 1.8882547503433052e-05 0.022670003574828047 400 24.844720496894407
660 1.3813507055768736e-05 0.023276101490791547 500 23.80952380952381
660 1.2144731158280003e-05 0.018550921991582425 600 21.818181818181817
660 2.4150282124843223e-05 0.014211112105404477 700 20.771513353115726
660 2.7124859996368765e-05 0.013109892859372758 800 19.851116625310173
670 7.355427981161719e-05 0.020816273384303537 100 25.64102564102564
670 1.4774063931832875e-05 0.020562698110605612 200 25.974025974025974
670 1.9870376300145335e-05 0.026080280675879752 300 25.210084033613445
670 1.7824729866386317e-05 0.02367948446983565 400 24.39024390243902
670 1.438723492234323e-05 0.023083949844212425 500 23.041474654377875
670 1.6580722213856214e-05 0.017998848745417732 600 21.201413427561835
670 2.5036675055081016e-05 0.013326760200714681 700 20.348837209302328
670 4.5669845037170575e-05 0.01667768165505032 800 19.41747572815534
680 7.890134119342788e-05 0.018664627021813512 100 25.64102564102564
680 2.3399385049052763e-05 0.03129079444821786 200 25.64102564102564
680 2.5585722378869013e-05 0.026805131573589065 300 24.793388429752063
680 1.3211519440810368e-05 0.02377006017963775 400 23.952095808383234
680 9.686398487802277e-06 0.021697150391309494 500 22.22222222222222
680 2.3241075950980704e-05 0.016306415108640747 600 20.689655172413794
680 2.8784343771303756e-05 0.012751275987656316 700 19.886363636363633
680 3.9621656637866665e-05 0.016794573160203694 800 19.09307875894988
690 1.4494841983397004e-05 0.026019742320915702 100 25.64102564102564
690 1.693749637512133e-05 0.028642085575376265 200 25.31645569620253
690 1.3605158634148787e-05 0.025652486199113176 300 24.390243902439025
690 1.283975708285714e-05 0.02500289360579898 400 23.529411764705884
690 1.1069817298295812e-05 0.019735643121231137 500 21.459227467811157
690 3.2397965962872206e-05 0.014240804703941092 600 20.2020202020202
690 3.27695467709631e-05 0.011314268796338562 700 19.444444444444443
700 2.4661573515228167e-05 0.02802523473665131 100 25.0
700 1.2593154000368636e-05 0.03305203676557046 200 24.691358024691358
700 1.011740439614992e-05 0.025975835421559974 300 24.0
700 1.1642557526212034e-05 0.02619744963598591 400 22.857142857142858
700 2.292325979093919e-05 0.018862917337875127 500 20.833333333333332
700 3.5442905664856685e-05 0.012292059068257479 600 19.86754966887417
700 3.655356942677478e-05 0.011492650113655927 700 18.97018970189702
710 3.126520811701772e-05 0.024238484502704584 100 25.0
710 1.1551199957813823e-05 0.03088832142142641 200 24.39024390243902
710 5.391138585870254e-06 0.027061434038277796 300 23.622047244094485
710 1.2436015621410353e-05 0.024520939638130533 400 21.978021978021978
710 2.8365554277035426e-05 0.016938204950470406 500 20.161290322580644
710 3.6817777637318705e-05 0.011102036720527396 600 19.41747572815534
710 4.174975429868168e-05 0.01652492384357839 700 18.567639257294427
720 5.0657574108751566e-05 0.042724374941940424 100 24.39024390243902
720 1.1252678068661407e-05 0.03067913179676298 200 23.80952380952381
720 1.8558436798942018e-05 0.02661982606245207 300 23.076923076923077
720 1.5708845606189934e-05 0.02285169885089857 400 21.16402116402116
720 4.0633799680841296e-05 0.014424733054610839 500 19.607843137254903
720 3.987051408508585e-05 0.009803733638544322 600 18.987341772151897
730 1.77568727258213e-05 0.033279510785143546 100 23.80952380952381
730 1.0998042199009448e-05 0.02484294344471023 200 23.529411764705884
730 1.648951915596897e-05 0.02453143141828288 300 22.55639097744361
730 1.5173917678263439e-05 0.01744371777988411 400 20.30456852791878
730 4.0209249872006164e-05 0.01125077713598187 500 19.23076923076923
730 4.020554526849573e-05 0.009285203022265022 600 18.51851851851852
740 1.698795032996899e-05 0.03973294365483607 100 23.80952380952381
740 1.4309998603082664e-05 0.024954864754677068 200 22.988505747126435
740 1.5471992238618236e-05 0.02486905351626191 300 21.73913043478261
740 2.5863736542442718e-05 0.015714014282419614 400 19.704433497536947
740 3.826548461790554e-05 0.0089001953623232 500 18.867924528301888
740 3.497503407865138e-05 0.010004577262798874 600 18.072289156626503
750 6.937085270617244e-05 0.03702509123358824 100 23.255813953488374
750 2.239420466935769e-05 0.027754532623578992 200 22.47191011235955
750 1.4450904329068881e-05 0.02317229309630209 300 20.833333333333332
750 2.8897601374282543e-05 0.015321880651834452 400 19.047619047619047
750 3.653800825810141e-05 0.00975584499832604 500 18.51851851851852
750 5.399385418700398e-05 0.018505018691716956 600 17.751479289940825
760 3.243620337459047e-05 0.017070792955867 100 22.727272727272727
760 1.2368312816062395e-05 0.01710585184293215 200 21.978021978021978
760 8.212407236812753e-06 0.014221747907861342 300 20.0
760 3.978277818881676e-05 0.0074390851461939725 400 18.6046511627907
760 3.845453808784556e-05 0.006058875791178714 500 18.050541516245485
770 3.284798014252716e-05 0.01685439272505467 100 22.22222222222222
770 2.215755708061279e-05 0.0200573463883578 200 21.50537634408602
770 1.3984462203457167e-05 0.01208725485598795 300 19.23076923076923
770 4.398264650060895e-05 0.007244937569514073 400 18.181818181818183
770 4.274943397807828e-05 0.007663388714440596 500 17.6056338028169
780 1.693070844871895e-05 0.012128099593499107 100 21.739130434782606
780 1.949481036053993e-05 0.018409625276092627 200 20.83333333333333
780 3.352022172201282e-05 0.00887224294763584 300 18.51851851851852
780 4.858205203137147e-05 0.004385205915650547 400 17.857142857142854
780 4.4964790516943435e-05 0.007540832223933649 500 17.24137931034483
790 2.6420158982733812e-05 0.02023252673007324 100 21.27659574468085
790 3.022377217473493e-05 0.018549105755145307 200 19.8019801980198
790 4.5787816999478636e-05 0.008468309967809434 300 17.964071856287426
790 5.563027951995518e-05 0.004430392345465263 400 17.543859649122805
790 5.753261259932883e-05 0.017776621652997947 500 16.89189189189189
800 5.267909748655613e-05 0.01677400301145254 100 20.83333333333333
800 3.0103219734881528e-05 0.015235407513566855 200 18.867924528301884
800 6.243415935436041e-05 0.004967759595986375 300 17.441860465116278
800 5.972191149871231e-05 0.0054614525601170295 400 17.167381974248926
800 4.979810310596904e-05 0.01971213984120419 500 16.666666666666668
810 6.301306647364735e-05 0.023875428116980988 100 20.408163265306122
810 2.369724809634471e-05 0.011211582208405638 200 18.018018018018015
810 6.466345736189905e-05 0.0042243550980822055 300 17.142857142857142
810 5.7146077518630103e-05 0.0073854971680522045 400 16.80672268907563
820 2.6565605674027287e-05 0.028475001288833034 100 19.6078431372549
820 5.017439581931745e-05 0.009316296942488148 200 17.241379310344826
820 7.067499211541061e-05 0.0044477181395945874 300 16.85393258426966
820 6.504220468652843e-05 0.008892829121889306 400 16.39344262295082
830 2.8823626159752173e-05 0.023466418994211626 100 18.51851851851852
830 6.893792974377635e-05 0.006547332678782722 200 16.666666666666668
830 7.196311816875084e-05 0.006793875371781083 300 16.574585635359114
830 5.740721268860379e-05 0.010981060858322116 400 16.129032258064516
840 1.4496999036163818e-05 0.016392130100290524 100 17.241379310344826
840 7.317678543439323e-05 0.006218931388322626 200 16.129032258064516
840 7.046300355798783e-05 0.008605406082255938 300 16.304347826086953
840 7.173640491090929e-05 0.024099330505848286 400 15.873015873015872
850 1.921261019629991e-05 0.00942896429119204 100 16.39344262295082
850 8.802156492337769e-05 0.006955927378710422 200 15.873015873015872
850 6.855070646392757e-05 0.010756367138364883 300 15.957446808510637
860 7.125797930717714e-05 0.007710387036444325 100 15.625
860 0.00010081571132426207 0.011395195439899726 200 15.625
860 7.138002236189758e-05 0.01298400042163344 300 15.624999999999998
870 0.00011471564549374067 0.01372270557819611 100 14.925373134328359
870 0.00010881405686509329 0.01708672821366733 200 15.503875968992247
870 8.263618435156473e-05 0.01578749524094 300 15.384615384615385
880 0.00013584070281632212 0.01692473340148751 100 14.705882352941176
880 0.00010447528013929738 0.01854271854019747 200 15.503875968992247
880 7.028559939227156e-05 0.01612106669675328 300 15.306122448979592
890 0.00014774033159325835 0.018101419377182314 100 14.705882352941176
890 0.00010726920075929887 0.018427170257538365 200 15.625
890 9.729596574326691e-05 0.03087523818469468 300 15.306122448979592
900 0.00015793986190116213 0.01917283451930702 100 14.925373134328359
900 0.00010775776581424561 0.018350793881893958 200 15.625
900 9.394655138155895e-05 0.03392881394729454 300 15.306122448979592
910 0.0001601467275209773 0.018018642145271383 100 14.925373134328359
910 9.06995689042815e-05 0.01800556516354589 200 15.503875968992247
920 0.00014740014137831065 0.01852652895987299 100 15.384615384615385
920 9.50971347484375e-05 0.01838776511926462 200 15.503875968992247
930 0.00013377581579067474 0.017504118275939774 100 15.625
930 9.975114187153684e-05 0.016127043998597858 200 15.503875968992247
940 9.925235594381678e-05 0.016771148751735427 100 15.873015873015872
940 9.270545732575522e-05 0.013856457916537314 200 15.384615384615385
950 8.31610310491682e-05 0.014313639530266051 100 16.129032258064516
950 8.648009377419355e-05 0.02010434836111856 200 15.384615384615385
960 7.993186826080015e-05 0.011754372164507578 100 16.129032258064516
960 0.00020567057366369562 0.03784403862502243 200 15.384615384615385
970 6.913975153663307e-05 0.011478872557260744 100 15.873015873015872
970 0.0002039991936073061 0.04049014418972952 200 15.384615384615385
980 7.481904023835422e-05 0.011640029946301336 100 15.625
990 0.00011310585506546649 0.011392488475561837 100 15.15151515151515
1000 0.00016683185485662867 0.016242326419609925 100 14.705882352941176
1010 0.00017112573861999058 0.03044846150537943 100 14.492753623188404
1020 0.00047161294058110166 0.06691980970126178 100 14.492753623188404
1030 0.0004424012925489189 0.06676835745017869 100 14.705882352941176
