0 0.00013452203270631092 0.02660960338086033 100 6.289308176100628
0 4.0096114882661405e-05 0.018864924423698925 200 6.666666666666667
0 8.678590758359684e-05 0.01934232805054198 300 7.194244604316546
0 6.94648403550364e-05 0.02222783965944646 400 7.312614259597805
0 6.076597844990465e-05 0.025545229049549843 500 7.587253414264036
10 0.00013554323554412363 0.029161220567193752 100 6.211180124223602
10 3.3663386547965714e-05 0.019736487588155646 200 6.666666666666667
10 7.930226177575028e-05 0.020550970055740653 300 7.194244604316546
10 6.709660734820661e-05 0.0231912703618079 400 7.2992700729927
10 6.0958195560062543e-05 0.02663703037241818 500 7.575757575757576
20 0.00014372915898795726 0.030452041074410782 100 6.134969325153374
20 3.590212698363944e-05 0.019498390231513882 200 6.666666666666667
20 7.928822720113756e-05 0.021169116899452136 300 7.194244604316546
20 6.97774798992628e-05 0.02314707732473722 400 7.2992700729927
20 5.9015145089870006e-05 0.027032616250693024 500 7.552870090634441
30 0.0001803949887040528 0.03378258951947062 100 5.9523809523809526
30 5.337483597227021e-05 0.021235033365465457 200 6.68896321070234
30 8.213910170960986e-05 0.023523784706293027 300 7.211538461538462
30 7.492075988834635e-05 0.024453027604291785 400 7.312614259597805
30 5.5116381957353406e-05 0.02890624865424049 500 7.541478129713425
40 0.0001438534031953265 0.035976618751951815 100 5.847953216374268
40 5.4815696714765154e-05 0.02165603713079288 200 6.7340067340067336
40 7.748819965054084e-05 0.022939027265401587 300 7.246376811594202
40 6.838772939016421e-05 0.023457595833894014 400 7.326007326007326
40 5.656860329696756e-05 0.029234412957203255 500 7.518796992481203
50 0.00014632415198660007 0.036636255415716336 100 5.847953216374268
50 6.396483169168691e-05 0.02503513625034822 200 6.779661016949152
50 8.588914520691163e-05 0.025548525560270922 300 7.281553398058252
50 7.070146032526484e-05 0.025652122310014944 400 7.366482504604051
50 6.288600260524816e-05 0.03131204728358872 500 7.485029940119761
60 0.00011859004541195198 0.03596506610370397 100 5.9880239520958085
60 5.240733590085696e-05 0.02434299843930293 200 6.896551724137931
60 7.996945635918119e-05 0.025292789982023518 300 7.352941176470588
60 6.308936219832785e-05 0.02492220909387881 400 7.434944237918215
60 5.242344883291099e-05 0.030690500679628325 500 7.429420505200595
70 9.545883381212744e-05 0.034266265763322805 100 6.211180124223602
70 4.37184898841921e-05 0.020987748474976566 200 7.04225352112676
70 7.169759394397613e-05 0.022253064331904594 300 7.481296758104738
70 5.1335078913407895e-05 0.02202495639139874 400 7.518796992481203
70 4.4124126848853266e-05 0.028009105684164932 500 7.418397626112759
80 6.838031380723312e-05 0.032660134557452675 100 6.451612903225806
80 2.9136706793637767e-05 0.01825432507651509 200 7.2202166064981945
80 5.6909224417798045e-05 0.020015999149292956 300 7.614213197969542
80 4.406914709993015e-05 0.020000483595002616 400 7.619047619047619
80 3.659095577692428e-05 0.026584253737133644 500 7.44047619047619
90 2.1682704453588548e-05 0.029597102163324743 100 6.7114093959731544
90 2.56846904188699e-05 0.015261129600335786 200 7.380073800738007
90 4.925290071802306e-05 0.017104015373407735 300 7.751937984496124
90 3.667634866820893e-05 0.01725833055289912 400 7.722007722007722
90 3.7845530550163475e-05 0.024979954546358547 500 7.44047619047619
100 1.804411858135385e-05 0.024687065248952287 100 6.896551724137931
100 2.378334570240891e-05 0.013779980079791558 200 7.518796992481203
100 4.384028091440796e-05 0.016446276297548783 300 7.832898172323759
100 3.510193447985709e-05 0.016836529083166952 400 7.797270955165692
100 3.286996695609834e-05 0.02548518980600641 500 7.342143906020557
110 4.3632637920999734e-05 0.021869316709854366 100 6.896551724137931
110 4.592563724197342e-05 0.012969930662776822 200 7.547169811320755
110 4.35321941303971e-05 0.016045735509526194 300 7.894736842105263
110 3.199105009724481e-05 0.017228407034007326 400 7.858546168958742
120 7.478946054339562e-05 0.01903535481259861 100 6.84931506849315
120 5.3816885612728945e-05 0.010716457009391422 200 7.575757575757575
120 4.250998388312302e-05 0.012935832498265395 300 7.894736842105263
120 2.717519594706952e-05 0.016074171500345513 400 7.905138339920948
130 6.339962450603218e-05 0.015981672442745426 100 6.84931506849315
130 4.969952915158967e-05 0.010193890261796157 200 7.575757575757575
130 4.8446055890437545e-05 0.012238884806511805 300 7.812499999999999
130 3.1729349015214875e-05 0.015987999407569915 400 7.920792079207921
140 3.850404136181289e-05 0.015280701419722369 100 6.896551724137931
140 5.5972325386869574e-05 0.01163377884303465 200 7.633587786259541
140 4.6476407132133244e-05 0.013394974539055733 300 7.751937984496124
140 3.952387840587526e-05 0.017691632707762816 400 7.936507936507936
150 4.709403826172989e-05 0.010366018769391323 100 6.9930069930069925
150 6.000256968044884e-05 0.013105351274839569 200 7.662835249042145
150 4.9058832076458445e-05 0.014372867379881003 300 7.712082262210796
150 4.2475548383561775e-05 0.018488742594371426 400 7.96812749003984
160 4.8186481166435115e-05 0.008937552344009706 100 7.04225352112676
160 5.90504936216125e-05 0.013679457529123832 200 7.722007722007722
160 5.157069055567639e-05 0.015880381405690144 300 7.712082262210796
160 4.538562369604663e-05 0.019403857120880903 400 7.984031936127744
170 7.433587628032689e-05 0.006955586375177249 100 7.142857142857143
170 5.2008476348624724e-05 0.012282130541177438 200 7.782101167315174
170 4.526752811196645e-05 0.014684619403574146 300 7.731958762886597
170 4.2452832025490015e-05 0.01885061347731048 400 8.0
180 5.3997578772580777e-05 0.0069257528919124366 100 7.246376811594202
180 5.703669129055533e-05 0.012627147386819719 200 7.8431372549019605
180 4.908619546800724e-05 0.015266704024751752 300 7.772020725388601
180 3.955143078018922e-05 0.019724120219345987 400 8.0
190 9.790954221638514e-05 0.013561440325092178 100 7.407407407407407
190 5.419806637862925e-05 0.011440572069677605 200 7.936507936507936
190 4.1831767065281186e-05 0.01354989543445928 300 7.832898172323759
190 2.869590731052864e-05 0.018927069132353706 400 8.032128514056224
200 8.011443389243316e-05 0.013595531545593257 100 7.575757575757575
200 4.354125967016696e-05 0.010292050423294119 200 8.064516129032258
200 4.390013367616137e-05 0.011920801307933037 300 7.9155672823219
200 2.7898737289531727e-05 0.017768734651623454 400 8.064516129032258
210 4.171963458284648e-05 0.015526803953850376 100 7.8125
210 5.118538168925668e-05 0.011174522012198072 200 8.16326530612245
210 4.388582953907882e-05 0.01256220630074503 300 7.978723404255319
210 3.585596549394464e-05 0.01926509340386966 400 8.080808080808081
220 7.340816244862486e-05 0.012716524426350701 100 8.0
220 7.054013878892355e-05 0.01284981180139793 200 8.264462809917354
220 4.904655135884143e-05 0.014482106303410498 300 8.02139037433155
220 4.371507879985077e-05 0.021446683371281767 400 8.016032064128256
230 6.273086169572259e-05 0.016040519902057567 100 8.064516129032258
230 6.605396853756692e-05 0.013429044566546871 200 8.29875518672199
230 3.814774477663854e-05 0.015067275654983302 300 8.064516129032258
230 3.3704708313444655e-05 0.02220711571792963 400 7.782101167315174
240 5.666565732156546e-05 0.017421508889948804 100 8.130081300813007
240 7.072582079312807e-05 0.014578889512446505 200 8.368200836820083
240 4.7924675553168165e-05 0.01640942445893444 300 8.108108108108109
240 4.6748085894829566e-05 0.025193416440011752 400 7.575757575757575
250 8.017184974869508e-05 0.019183828584872165 100 8.19672131147541
250 8.115738122026294e-05 0.016081194105903637 200 8.438818565400842
250 5.1155200211211556e-05 0.017841625528303578 300 8.174386920980925
260 0.00014970120963336839 0.02006453019142527 100 8.333333333333334
260 9.209281133482326e-05 0.01727815657577868 200 8.51063829787234
260 5.824366700640971e-05 0.020240964296452228 300 8.264462809917354
270 0.00014979013086163792 0.02145766486730755 100 8.333333333333334
270 0.00010833107096604209 0.01880191134135593 200 8.438818565400842
270 6.58047723103163e-05 0.022103703813600013 300 8.310249307479223
280 0.00013550393473058607 0.024154764614296807 100 8.403361344537815
280 8.623920289143969e-05 0.020081791271085857 200 8.23045267489712
280 6.396528179983404e-05 0.022652544951549704 300 8.333333333333334
290 0.0001594419904114617 0.021261843441886006 100 8.403361344537815
290 9.655512381225532e-05 0.0196915698544342 200 8.130081300813007
290 7.079120052558131e-05 0.02392630040641844 300 8.333333333333334
300 0.00016613487458209814 0.022875538585571308 100 8.403361344537815
300 0.00010132726959118 0.02296645765792328 200 8.064516129032258
300 7.718981105435807e-05 0.02616800263182786 300 8.310249307479223
310 0.000164264824127233 0.023626845101422253 100 8.403361344537815
310 0.00010417158878527012 0.023793429553501087 200 8.0
310 7.744286059840735e-05 0.027226085780055236 300 8.287292817679557
320 0.00016089088828426446 0.02263331821228047 100 8.47457627118644
320 0.00010814890116997697 0.023620549398277926 200 8.0
320 6.983205789765664e-05 0.028553837167131235 300 8.241758241758243
330 0.00013816760527165297 0.020966251032221737 100 8.47457627118644
330 0.00010443764844815932 0.020655180912595498 200 8.032128514056224
330 6.194738069189589e-05 0.0280922888632696 300 8.19672131147541
340 0.0001370029250405119 0.01836540803223734 100 8.47457627118644
340 8.683957296420374e-05 0.017970636710262534 200 8.0
340 7.095655224236417e-05 0.02878063514760873 300 8.064516129032258
350 0.00014972676720198546 0.020529324702663828 100 8.403361344537815
350 7.847288061004967e-05 0.019256395152194235 200 8.0
350 5.511588126754808e-05 0.030142147354480522 300 7.751937984496124
360 0.00010596777429463508 0.02173804886183326 100 8.47457627118644
360 5.8972656603698886e-05 0.019065054758960205 200 8.032128514056224
360 4.849239167930333e-05 0.03276859829426559 300 7.425742574257424
370 0.00010070621736535267 0.023341153572176972 100 8.547008547008547
370 4.677400617483552e-05 0.01862826427667597 200 8.130081300813007
380 6.978794745272691e-05 0.018766019332019556 100 8.547008547008547
380 2.9254943679460416e-05 0.019051854336886994 200 8.19672131147541
390 7.441084562255614e-05 0.014451619022105096 100 8.333333333333334
390 3.462593431426229e-05 0.02024446106045596 200 8.23045267489712
400 5.930492742262707e-05 0.01651476477927416 100 7.936507936507936
400 3.4920913951225794e-05 0.023880268917455972 200 8.23045267489712
410 6.659329404437178e-05 0.0168352977603954 100 7.6923076923076925
410 3.854142824804308e-05 0.02507449663126503 200 8.23045267489712
420 5.993039527627152e-05 0.01961842224653069 100 7.575757575757575
420 3.7228236751892684e-05 0.026620049892927683 200 8.19672131147541
430 8.224969158789817e-05 0.019542261771921914 100 7.518796992481203
430 4.374958193909833e-05 0.02734274083789995 200 8.16326530612245
440 9.445480951921619e-05 0.014629896697892837 100 7.518796992481203
440 3.659020355421371e-05 0.028396143837775778 200 8.064516129032258
450 9.420083479368578e-05 0.012554607347068892 100 7.518796992481203
450 4.8736872256288955e-05 0.031176991969733874 200 7.96812749003984
460 6.110695564462879e-05 0.010691743974333184 100 7.518796992481203
460 3.921696297471296e-05 0.033309042477768544 200 7.751937984496124
470 7.026811804368443e-05 0.01224164790441852 100 7.575757575757575
470 2.2977077175131422e-05 0.033242989832310006 200 7.2727272727272725
480 6.892654954046821e-05 0.01447805378159591 100 7.575757575757575
480 2.5259566412947537e-05 0.039632736253251394 200 6.756756756756756
490 6.375030898558155e-05 0.016371032031079095 100 7.6923076923076925
500 3.174426128523119e-05 0.02250215991585228 100 7.874015748031495
510 2.4828980255116323e-05 0.024839828762600012 100 8.064516129032258
520 6.836939928343824e-06 0.028552652130722018 100 8.333333333333334
530 2.2328380936847794e-05 0.03349776299823793 100 8.547008547008547
540 3.802662955614659e-05 0.03195145005756418 100 8.771929824561402
550 4.954998661232746e-05 0.03289545139144809 100 8.849557522123893
560 2.5005011298864908e-05 0.034715338420654364 100 8.771929824561402
570 1.609985947924368e-05 0.04146480491012192 100 8.620689655172413
580 2.9596533591277323e-05 0.04980102496738284 100 8.403361344537815
590 3.5764985653333154e-05 0.061924434749599334 100 8.0
600 8.65394046835076e-05 0.06300489597338943 100 6.9930069930069925
610 9.838855557968173e-05 0.07092565600195272 100 6.0606060606060606
