0 5.402916924986489e-05 0.06024747098864755 100 13.513513513513512
0 3.042900752952429e-05 0.04579681127946948 200 13.605442176870747
0 2.0072546857018263e-05 0.042837621198101986 300 14.08450704225352
10 5.205824842541402e-05 0.0475929385079588 100 13.513513513513512
10 2.7480188602335014e-05 0.040671241985308484 200 13.6986301369863
10 1.4452021774109019e-05 0.039621064190683 300 14.150943396226413
20 6.698915657780756e-05 0.03525412978122989 100 13.513513513513512
20 2.826395657489323e-05 0.035230648457207754 200 13.6986301369863
20 1.405650811378639e-05 0.03493597263312358 300 14.285714285714286
30 4.5781863955983605e-05 0.012697311567310632 100 13.513513513513512
30 3.117695648599891e-05 0.030212066378918337 200 13.793103448275861
30 1.3747189748912386e-05 0.03130214512944606 300 14.354066985645932
40 5.356019195489908e-05 0.010825769409371983 100 13.333333333333334
40 2.9336219279674373e-05 0.028013747840656057 200 13.88888888888889
40 1.2488282261125266e-05 0.030804827365137944 300 14.492753623188404
50 3.800752847765538e-05 0.025278705086937855 100 13.333333333333334
50 1.7142532581772896e-05 0.03137790718540442 200 13.986013986013985
50 1.586560312767921e-05 0.03117521321794356 300 14.563106796116504
60 4.3335221508128616e-05 0.029832652074049223 100 13.333333333333334
60 1.5994252041721515e-05 0.03340261923653173 200 13.986013986013985
60 1.4506763278389611e-05 0.029936258306588515 300 14.634146341463415
70 3.5414034974504165e-05 0.03128025334994308 100 13.333333333333334
70 1.4290024670988685e-05 0.03366729646300177 200 14.184397163120567
80 2.227295045320231e-05 0.03425893441160122 100 13.513513513513512
80 8.559281843856119e-06 0.035677017019239574 200 14.285714285714286
90 5.661970711653987e-05 0.03561821239195492 100 13.513513513513512
90 1.5010682419888565e-05 0.035045926440356145 200 14.492753623188404
100 4.082603136913935e-05 0.047424904896787065 100 13.6986301369863
100 1.2817058210836068e-05 0.04052459506268665 200 14.705882352941176
110 1.4763192062773008e-05 0.04981560205014241 100 14.08450704225352
110 1.4523391762006765e-05 0.043134092992085794 200 14.814814814814815
120 1.3417823602053484e-05 0.04382860978585826 100 14.285714285714286
120 1.8155142126436056e-05 0.03826944655266975 200 15.037593984962406
130 2.2943675350691884e-05 0.038616409753540075 100 14.492753623188404
130 1.734220268978655e-05 0.03181569985416366 200 15.15151515151515
140 2.9774006275691053e-05 0.035552735338606915 100 14.705882352941176
140 1.61174733457463e-05 0.028760253830521627 200 15.384615384615385
150 4.1262096686758045e-05 0.0361983463116585 100 14.925373134328359
160 4.442788786716737e-05 0.03624218734920675 100 15.15151515151515
170 4.175591680723064e-05 0.03480115101863928 100 15.384615384615385
180 3.886521234431882e-05 0.03649857790931415 100 15.384615384615385
190 2.882203459457696e-05 0.03211314297547569 100 15.625
200 1.969952313604047e-05 0.024346415341114352 100 15.625
