0 0.0001436770821590753 0.010168991254665796 100 11.627906976744187
0 7.474150061673643e-05 0.009346881927133666 200 12.048192771084336
0 6.176090398031502e-05 0.014332694511867696 300 10.273972602739725
0 6.336449976958712e-05 0.012059816608636514 400 10.282776349614394
0 5.6532047729736965e-05 0.010146715788819769 500 10.330578512396693
0 3.744233119855697e-05 0.009629855110878808 600 10.771992818671453
0 2.9231032566583418e-05 0.008276934775674795 700 11.128775834658187
0 3.070931063966519e-05 0.007619368260824647 800 10.79622132253711
10 5.3899963547365675e-05 0.005633712720033115 100 11.627906976744187
10 3.6367315402985426e-05 0.00942242974868977 200 12.048192771084336
10 3.292005693432146e-05 0.012624822482355363 300 9.771986970684038
10 3.572901928445064e-05 0.010828957351506005 400 10.335917312661499
10 3.456897726583594e-05 0.01054645295988111 500 10.309278350515465
10 1.9150992699215315e-05 0.00904779620979434 600 10.79136690647482
10 1.7186983563331418e-05 0.00687808717860479 700 11.146496815286623
10 1.850666511437823e-05 0.00649675469660668 800 10.79622132253711
20 5.970878398112137e-05 0.004968918942642038 100 11.764705882352942
20 3.668727341201612e-05 0.010254662522996269 200 11.904761904761905
20 3.454883487453371e-05 0.012741641990012136 300 9.615384615384615
20 3.635615490047602e-05 0.010810058995703626 400 10.362694300518134
20 3.4125933711457214e-05 0.01103033746373896 500 10.330578512396693
20 1.824722412525506e-05 0.009105537265504221 600 10.830324909747292
20 1.5671494271779856e-05 0.006848814115936964 700 11.164274322169058
20 1.8672940907225926e-05 0.006700955907449399 800 10.81081081081081
30 4.81243185194771e-05 0.004497005952750674 100 11.764705882352942
30 4.2350835319908546e-05 0.011737161093079412 200 11.494252873563218
30 3.840602521194509e-05 0.013045874043862848 300 9.615384615384615
30 3.579474901889266e-05 0.010848089416444022 400 10.416666666666664
30 3.382339769342393e-05 0.011083330960084977 500 10.373443983402488
30 1.8132052364149582e-05 0.009292532500723311 600 10.849909584086799
30 1.4391553977753529e-05 0.007062208220009185 700 11.164274322169058
30 1.7511042890077234e-05 0.00674120269418035 800 10.825439783491204
40 5.4462745893850565e-05 0.00761776355071381 100 11.904761904761905
40 4.26703213946389e-05 0.015628067816439828 200 11.049723756906076
40 3.414820697018602e-05 0.014131086307052586 300 9.615384615384615
40 3.580313329906113e-05 0.010713273684081412 400 10.443864229765012
40 2.9971011505977586e-05 0.011357353020557853 500 10.416666666666666
40 1.8009101647849283e-05 0.009389531746653522 600 10.88929219600726
40 1.2349056822367175e-05 0.00696949195071561 700 11.164274322169058
40 1.5768411548832802e-05 0.0068123011346808175 800 10.854816824966079
50 5.8732461357615996e-05 0.010848489405042213 100 11.904761904761905
50 3.836852231317667e-05 0.0170375740225446 200 10.75268817204301
50 3.843258184654772e-05 0.014286177767199006 300 9.646302250803858
50 3.763552846527696e-05 0.01047661134775128 400 10.416666666666664
50 3.0058642630305157e-05 0.01174713624345045 500 10.4384133611691
50 2.0111540230118677e-05 0.009504966073969808 600 10.909090909090908
50 1.4973881836593004e-05 0.007071125152321599 700 11.09350237717908
50 1.4113420841169476e-05 0.007223519833096528 800 10.884353741496598
60 6.637707593323633e-05 0.013455396700787735 100 12.048192771084336
60 4.133896787063737e-05 0.017962460370990512 200 10.526315789473685
60 3.893434165091318e-05 0.014435030561778011 300 9.70873786407767
60 3.4733898059959976e-05 0.010711959017152599 400 10.282776349614394
60 2.6917168887648238e-05 0.011790280515694994 500 10.482180293501047
60 1.8323125486915798e-05 0.009468906713944679 600 10.94890510948905
60 1.0587968572734524e-05 0.007726270637747169 700 10.869565217391303
60 1.5597322316889504e-05 0.007255925046469555 800 10.914051841746248
70 6.736362586812592e-05 0.011848241978060225 100 12.048192771084336
70 4.9233202055974336e-05 0.01726160450236958 200 10.309278350515463
70 3.846273560287432e-05 0.013895460571191658 300 9.74025974025974
70 3.3460905620589785e-05 0.010483023177395192 400 10.126582278481013
70 2.5416212016798237e-05 0.01087977382819268 500 10.526315789473685
70 1.6286256916208986e-05 0.008668128245501313 600 10.968921389396709
70 1.481743656664504e-05 0.007125037106698052 700 10.719754977029098
70 1.69435473238116e-05 0.007086734694505652 800 10.94391244870041
80 5.0703647515073934e-05 0.00994421225796294 100 12.19512195121951
80 4.147496049968926e-05 0.017285066723047547 200 9.9009900990099
80 4.585211536527406e-05 0.013386985952194988 300 9.80392156862745
80 3.828172357837456e-05 0.011216095902927391 400 10.025062656641603
80 2.6227508938794904e-05 0.010783401061960723 500 10.570824524312895
80 1.698928227821899e-05 0.00862751219937778 600 11.009174311926605
80 1.670855948388382e-05 0.007598750275715889 700 10.6544901065449
80 1.636194326800822e-05 0.007441330418896445 800 10.973936899862824
90 4.5118586609975165e-05 0.01209138486180792 100 12.19512195121951
90 2.7236826291453874e-05 0.017411973484607973 200 9.174311926605505
90 5.590222210227388e-05 0.013882620991749134 300 9.868421052631579
90 4.850991083324813e-05 0.012495467217523641 400 10.0
90 2.7935793486525627e-05 0.01087902210518747 500 10.59322033898305
90 2.0610968416047715e-05 0.008905962063905669 600 11.02941176470588
90 1.5130404105471883e-05 0.008183956712126534 700 10.6544901065449
90 1.57046403363164e-05 0.007946877496794293 800 11.004126547455295
100 4.404842290026351e-05 0.014359019906905277 100 12.048192771084336
100 5.164074881348604e-05 0.017337889181370074 200 8.810572687224669
100 5.5629261387726756e-05 0.013349425064970423 300 9.933774834437084
100 4.974845678701332e-05 0.013090145498310259 400 10.0
100 2.578612024240187e-05 0.010899943457204256 500 10.615711252653927
100 2.1937010066853967e-05 0.008648804257890273 600 11.049723756906076
100 1.6323558277006753e-05 0.008177341916323393 700 10.6544901065449
100 1.5354359208869568e-05 0.008167903587916667 800 11.019283746556473
110 6.407881723878606e-05 0.01770184383305793 100 11.363636363636363
110 7.534560624718627e-05 0.018181284849495966 200 8.73362445414847
110 5.904435751567425e-05 0.013457811908764248 300 9.966777408637872
110 4.868639393257404e-05 0.013538518052751863 400 10.025062656641603
110 2.6928951297998932e-05 0.01124400711160544 500 10.638297872340425
110 2.0856842842121493e-05 0.00910865555060535 600 11.049723756906076
110 1.510566015057958e-05 0.008538004531297378 700 10.670731707317072
110 1.3201124159750648e-05 0.008444513740765028 800 11.03448275862069
120 9.492800348297867e-05 0.023013043155475157 100 10.416666666666664
120 8.081643687577451e-05 0.019027812477706463 200 8.73362445414847
120 6.318160547700972e-05 0.013202299092639284 300 10.0
120 5.166753087392707e-05 0.013529857887842443 400 10.050251256281406
120 3.1045033928800665e-05 0.011832214299086723 500 10.660980810234541
120 2.175017306058487e-05 0.009913148202990798 600 11.02941176470588
120 1.4772636412385505e-05 0.00895619881287105 700 10.703363914373087
120 1.2719618077595047e-05 0.008819725098541915 800 11.049723756906076
130 8.966174475989217e-05 0.023517170462072648 100 9.80392156862745
130 8.609143822080859e-05 0.017568136470386127 200 8.771929824561402
130 6.959500600683502e-05 0.011323036801647013 300 9.966777408637872
130 5.150515091330336e-05 0.013447306096166673 400 10.075566750629722
130 3.2658359637491965e-05 0.011568592566781612 500 10.683760683760683
130 2.1573047974165125e-05 0.009870911785189637 600 10.968921389396709
130 1.3468112143527956e-05 0.008961169714041723 700 10.719754977029098
130 1.1821614303415078e-05 0.008728864096363236 800 11.049723756906076
140 5.810088495963046e-05 0.02232957758428237 100 9.345794392523363
140 8.466241748790306e-05 0.016399229186696545 200 8.771929824561402
140 6.4173682134801e-05 0.011347670421662903 300 9.80392156862745
140 4.8294354572626504e-05 0.013175963023987252 400 10.126582278481013
140 2.886722489533364e-05 0.011374792827180579 500 10.70663811563169
140 1.606719509714179e-05 0.01021838366980703 600 10.73345259391771
140 1.442757342316545e-05 0.008813607038408245 700 10.75268817204301
140 1.3541644320535215e-05 0.008497826514805271 800 11.065006915629322
150 5.148458168284853e-05 0.023369989091140964 100 8.928571428571427
150 8.741539929128468e-05 0.01691725897679551 200 8.810572687224669
150 6.422801823143579e-05 0.011709095905750262 300 9.584664536741213
150 4.6561856958134334e-05 0.012924429154696335 400 10.15228426395939
150 2.8464279642542857e-05 0.0112198321253195 500 10.729613733905579
150 9.240978308765576e-06 0.010312510840678947 600 10.507880910683012
150 1.5015813094851546e-05 0.008837289506528618 700 10.76923076923077
150 1.4346728199965257e-05 0.008418374200186986 800 11.065006915629322
160 4.361101400966612e-05 0.025706542888028757 100 8.264462809917354
160 9.221088514013617e-05 0.016219829059532054 200 8.849557522123893
160 6.644899028363766e-05 0.013035051382477897 300 9.404388714733543
160 4.473809577973976e-05 0.012914843496904345 400 10.178117048346055
160 3.070795025753283e-05 0.011292194192813406 500 10.75268817204301
160 1.7155588381081488e-05 0.010389310329226424 600 10.416666666666666
160 1.733511023574245e-05 0.009004079419209965 700 10.80246913580247
160 1.3639270565050436e-05 0.008444444876575002 800 11.065006915629322
170 8.440076686928545e-05 0.023921692268481173 100 7.2992700729927
170 9.528679558931286e-05 0.01579148875186289 200 8.928571428571427
170 7.131256553735361e-05 0.013934922195740123 300 9.375
170 4.300162983406087e-05 0.012351538047345576 400 10.204081632653061
170 3.216389558924114e-05 0.010880905719686217 500 10.775862068965516
170 1.637885541392445e-05 0.010018299861693463 600 10.398613518197573
170 1.596695934064409e-05 0.008924989160049078 700 10.819165378670787
170 1.2238108914840993e-05 0.008288454974776129 800 11.080332409972298
180 0.0001252514018342533 0.021868117081393156 100 6.896551724137931
180 9.315331538744609e-05 0.014333205935621842 200 9.049773755656108
180 6.912191738289044e-05 0.014018716229549559 300 9.404388714733543
180 3.915006394249438e-05 0.01193575628317254 400 10.256410256410257
180 3.316602481311773e-05 0.010285942669858352 500 10.822510822510822
180 1.787561778466103e-05 0.009440433558289198 600 10.416666666666666
180 1.589362042569068e-05 0.0086665591249187 700 10.852713178294573
180 1.2329773471422871e-05 0.008223472524679844 800 11.080332409972298
190 0.0001434680891439144 0.019614413097185042 100 6.896551724137931
190 8.61430424837723e-05 0.013135815322461736 200 9.174311926605505
190 6.38564719075429e-05 0.013481681129606588 300 9.493670886075948
190 3.817307462819753e-05 0.011383441904501308 400 10.362694300518134
190 3.116522391095794e-05 0.010104070620498949 500 10.893246187363832
190 1.6211149119109745e-05 0.009110937944335984 600 10.471204188481675
190 1.5003427064718699e-05 0.00842848168905038 700 10.920436817472698
190 1.1606534157898869e-05 0.008126046205857456 800 11.095700416088764
200 0.00014126400892001427 0.017653000219715286 100 7.092198581560283
200 8.197625110391318e-05 0.012009095423055106 200 9.389671361502348
200 5.74778581688925e-05 0.012719401545632919 300 9.646302250803858
200 3.749947246129192e-05 0.010769872222700679 400 10.471204188481675
200 3.065521037281453e-05 0.009703923978130495 500 10.989010989010989
200 1.3916009174711206e-05 0.008545231193894158 600 10.56338028169014
200 1.3494368217535411e-05 0.008054481386084954 700 10.989010989010989
200 1.0605959875505481e-05 0.007906917171522105 800 11.142061281337048
210 0.00014204531996025196 0.015578754481923982 100 7.2992700729927
210 8.639334145844989e-05 0.01106318996742238 200 9.615384615384615
210 5.861454551588625e-05 0.012272316375039647 300 9.80392156862745
210 4.147141026221964e-05 0.01102024960021493 400 10.610079575596815
210 3.230743825682188e-05 0.010436014521565978 500 11.086474501108647
210 1.3740132465302627e-05 0.008760521914562407 600 10.676156583629894
210 1.5064308695897539e-05 0.008030828948774538 700 11.075949367088606
210 1.1880337095418106e-05 0.007703571118265629 800 11.204481792717086
220 0.0001417042220986504 0.012846987039526301 100 7.575757575757575
220 8.548304200164601e-05 0.009628307040848523 200 9.80392156862745
220 5.871927147991008e-05 0.011885956467895137 300 9.966777408637872
220 4.309479234640105e-05 0.010904685962407368 400 10.75268817204301
220 3.2672598894022063e-05 0.010746562608067913 500 11.160714285714285
220 1.4994824337597412e-05 0.008864514177627068 600 10.771992818671453
220 1.4986975702632699e-05 0.008018230169246906 700 11.164274322169058
220 1.1511558462936012e-05 0.007669758842735392 800 11.267605633802816
230 0.00015197895248402653 0.011977475529724651 100 7.8125
230 8.515019486416241e-05 0.00893874941297801 200 10.0
230 5.622986764751787e-05 0.01168632361642111 300 10.135135135135135
230 4.153195094465491e-05 0.01057979047292224 400 10.899182561307901
230 3.256776154138626e-05 0.010447441513652319 500 11.210762331838565
230 9.984439600630127e-06 0.008606027785679782 600 10.869565217391305
230 1.1044983311209451e-05 0.007846858292486563 700 11.235955056179774
230 9.231450469946757e-06 0.00763218153501518 800 11.315417256011315
240 0.00016606716206597237 0.012611352602732892 100 8.064516129032258
240 8.821282979202139e-05 0.009943047666154253 200 10.050251256281406
240 6.276260083194201e-05 0.01246031532476212 300 10.273972602739725
240 4.322304196691281e-05 0.011862473923099377 400 11.019283746556473
240 3.15212129597842e-05 0.01169860259923033 500 11.135857461024498
240 1.1396598247112934e-05 0.009475112656293583 600 10.94890510948905
240 1.3541810721003673e-05 0.008325906222303626 700 11.308562197092083
240 9.80902747677392e-06 0.007933979680642972 800 11.363636363636363
250 0.00019265308535585865 0.013606255395068014 100 8.333333333333334
250 0.00010359636782583175 0.01179518169656143 200 10.0
250 6.739776389001273e-05 0.014381325212855123 300 10.416666666666666
250 4.499761269874473e-05 0.014031741246724601 400 11.142061281337048
250 2.542633393257527e-05 0.01387368282373285 500 10.964912280701753
250 1.5455610882178362e-05 0.010754201803253273 600 11.02941176470588
250 1.549329504521486e-05 0.009092573307780788 700 11.363636363636363
250 1.1361745219455579e-05 0.008326332392488856 800 11.428571428571429
260 0.00020599447174931234 0.013928343403873967 100 8.620689655172413
260 0.00011109178930573236 0.012803520021329678 200 9.852216748768473
260 7.286627187851981e-05 0.015140001239931155 300 10.56338028169014
260 4.522173416302863e-05 0.014907658995733961 400 11.267605633802816
260 1.244464439851455e-05 0.014771034342520209 500 10.845986984815617
260 1.4230384956420794e-05 0.011307486954448222 600 11.131725417439702
260 1.4037542112315196e-05 0.009455427976042425 700 11.437908496732026
260 8.635601915405584e-06 0.008550190469098063 800 11.494252873563218
270 0.000201616195514884 0.012332668106881765 100 8.928571428571427
270 0.00011357718706277177 0.013053499472040677 200 9.9009900990099
270 6.529608905179112e-05 0.014954841780404692 300 10.75268817204301
270 4.676153313055064e-05 0.014872047506137435 400 11.396011396011396
270 1.5902389037279596e-05 0.01452582537385393 500 10.869565217391305
270 1.4684755548289815e-05 0.011176647526025638 600 11.235955056179774
270 1.1919785675890531e-05 0.009302336778395849 700 11.51315789473684
270 9.69388800389021e-06 0.008412161867361056 800 11.577424023154846
280 0.00020722014292887212 0.011546722716613292 100 9.433962264150942
280 0.00010994512005485208 0.013041725859489199 200 10.050251256281406
280 6.602341235109424e-05 0.014771703821570493 300 10.989010989010989
280 4.31266929590556e-05 0.01452869532959067 400 11.594202898550725
280 1.676157785348063e-05 0.014091397146677308 500 10.964912280701753
280 1.3946047087247362e-05 0.010969421634564516 600 11.342155009451794
280 1.0528578076263439e-05 0.00924334744830565 700 11.608623548922056
280 1.0083949911792308e-05 0.008410527667325066 800 11.678832116788321
290 0.00017443493732718563 0.01157622547525333 100 10.1010101010101
290 9.952148165585935e-05 0.011661816849688802 200 10.309278350515463
290 5.394477287750142e-05 0.012410201138686044 300 11.235955056179774
290 3.794028525114699e-05 0.011874333511796063 400 11.834319526627217
290 1.177356042025305e-05 0.011495225792697293 500 11.086474501108647
290 1.2839392423731421e-05 0.009354938861031177 600 11.494252873563218
290 8.486582120977237e-06 0.008269954572708531 700 11.725293132328307
290 8.080203157529293e-06 0.007984841373917024 800 11.7820324005891
300 0.0001557906745062552 0.009050057014721837 100 10.869565217391303
300 9.348581476513072e-05 0.00960447662088879 200 10.638297872340425
300 4.421527594587099e-05 0.00990652886065117 300 11.538461538461538
300 2.9064693021035203e-05 0.009022916843962316 400 12.048192771084336
300 1.2289996523816081e-05 0.009104314895760447 500 11.235955056179776
300 1.3167122571335422e-05 0.007949644398704851 600 11.650485436893204
300 1.2042671064102125e-05 0.007574092951029473 700 11.864406779661017
300 1.1944652234864736e-05 0.007737184382510396 800 11.904761904761905
310 0.00017330207432923083 0.008742565666978355 100 11.764705882352942
310 0.00010238365922065766 0.011133484416870027 200 10.989010989010989
310 4.094779603243239e-05 0.01171542724914291 300 11.857707509881422
310 2.4052345939431767e-05 0.010401814346084757 400 12.307692307692308
310 2.4871980471061585e-05 0.010462795030633815 500 11.389521640091115
310 2.310446410382433e-05 0.008576895787971819 600 11.811023622047243
310 2.15617192928058e-05 0.00792997302722334 700 11.986301369863012
310 1.9104831264259092e-05 0.007896640161774876 800 12.030075187969924
320 0.00011055478884262459 0.00597986670006242 100 12.5
320 7.437803795954024e-05 0.00828094585282267 200 11.299435028248588
320 1.915713489598374e-05 0.0070587355521918435 300 12.096774193548386
320 9.813758491836726e-06 0.005082475214726028 400 12.5
320 2.775753588997018e-05 0.005766930809870592 500 11.520737327188938
320 2.6394039858840626e-05 0.0057624182293955755 600 11.928429423459244
320 2.413672930644382e-05 0.006489172354002249 700 12.068965517241379
320 2.1132118698229665e-05 0.00725727203243787 800 12.121212121212121
330 5.157464184761939e-05 0.005543979798016371 100 13.157894736842104
330 3.9721497536735005e-05 0.0074121270253812484 200 11.494252873563218
330 1.1821587499986012e-05 0.0034376406607010135 300 12.295081967213113
330 1.8911983746338593e-05 0.002274059969620532 400 12.618296529968454
330 3.517221022695728e-05 0.0007281048657148721 500 11.627906976744185
330 3.1670888482523705e-05 0.0028720065079333806 600 12.024048096192383
330 2.83674698730742e-05 0.005112618006559763 700 12.110726643598616
330 2.736760693778094e-05 0.006773250762083124 800 12.19512195121951
340 4.411193041923704e-05 0.00494228554054379 100 13.6986301369863
340 3.1564412966952726e-05 0.007115259200532945 200 11.695906432748536
340 1.7746474838344496e-05 0.003314967195548718 300 12.396694214876032
340 2.295465925363535e-05 0.002996596953205645 400 12.658227848101266
340 3.580653571594137e-05 0.000915768021197431 500 11.682242990654204
340 3.433734103840511e-05 0.0029293590310973576 600 12.072434607645874
340 2.9764713553330624e-05 0.005380210352855885 700 12.110726643598616
340 2.8771127119980178e-05 0.007056005785693098 800 12.232415902140671
350 5.332920363569944e-05 0.0027961205839466137 100 13.6986301369863
350 2.9424671905870828e-05 0.005564251047503824 200 11.764705882352942
350 2.2912670073240563e-05 0.002355997578984507 300 12.448132780082986
350 2.2599480185982206e-05 0.003084535421566233 400 12.618296529968454
350 3.637768260263065e-05 0.0013476984348324084 500 11.709601873536299
350 3.364430834277758e-05 0.0035888105818789027 600 12.072434607645874
350 2.9861126867768885e-05 0.005826019790656669 700 12.068965517241379
350 2.6909993940001975e-05 0.007560150250265297 800 12.232415902140671
360 4.433392296621429e-05 0.0032442984004844243 100 13.333333333333334
360 2.5437488026868097e-05 0.00617934977180013 200 11.834319526627217
360 1.9074434561996424e-05 0.002747464417484574 300 12.448132780082986
360 2.516178403143986e-05 0.003627716295891741 400 12.383900928792569
360 3.746569257364315e-05 0.001217352155061286 500 11.764705882352942
360 3.644209971180904e-05 0.003901970876481835 600 12.072434607645874
360 3.1145328405801374e-05 0.006237640854510317 700 12.048192771084336
360 2.849607609849535e-05 0.008272284777554829 800 12.213740458015268
370 3.994831366494102e-05 0.0039479077772472575 100 12.048192771084336
370 1.1993619075659026e-05 0.0053295229509689205 200 11.834319526627217
370 1.888124330814492e-05 0.002564398026143695 300 12.5
370 4.8823404367724204e-05 0.0028621220479348973 400 11.799410029498526
370 3.71764824050822e-05 0.0014792972518946862 500 11.764705882352942
370 3.850370186105996e-05 0.004099187750355797 600 12.072434607645874
370 3.1601757244905626e-05 0.006541899505015908 700 12.048192771084336
370 2.9496290814976897e-05 0.00906098712705675 800 12.066365007541478
380 3.138265159512228e-05 0.0028171400652135135 100 10.869565217391303
380 1.2868817513235199e-05 0.004298037088360379 200 11.834319526627217
380 1.8954419238328083e-05 0.0028809722978961087 300 12.448132780082986
380 3.984775476741124e-05 0.00303089378658313 400 11.428571428571429
380 3.899161862109681e-05 0.001890567058232599 500 11.792452830188678
380 3.834735417072714e-05 0.004598227877633354 600 12.048192771084336
380 2.9641719349980326e-05 0.007023505417916406 700 12.048192771084336
380 3.107624162971982e-05 0.009778698103378777 800 11.922503725782413
390 4.0439259789468214e-05 0.006397176477751937 100 10.309278350515463
390 2.0035469689026422e-05 0.004442363422809932 200 11.834319526627217
390 2.442713240473731e-05 0.004270370549144032 300 12.448132780082986
390 4.517680716338883e-05 0.0030780409200001713 400 11.299435028248588
390 4.113790391449843e-05 0.001876608474728025 500 11.792452830188678
390 3.644007270625951e-05 0.004900144119044752 600 12.0
390 3.173350436120248e-05 0.007458338297264542 700 12.048192771084336
390 3.3192806389155696e-05 0.010252956848365384 800 11.816838995568684
400 3.433443761013768e-05 0.010650318967026014 100 10.1010101010101
400 2.8554285905887437e-05 0.005529423598692376 200 11.764705882352942
400 3.3287582126990195e-05 0.006361771491551399 300 12.396694214876032
400 4.7372489766690386e-05 0.0029633272716960957 400 11.235955056179774
400 4.3288422014274644e-05 0.001977368221630829 500 11.764705882352942
400 3.7297851225977365e-05 0.005368735371478026 600 11.952191235059761
400 3.507865469377462e-05 0.007940633345481733 700 12.027491408934708
400 3.507393567048542e-05 0.010884607958342849 800 11.71303074670571
410 2.695010548308046e-05 0.011319768488132109 100 10.0
410 3.0383122959475555e-05 0.004925864987710052 200 11.764705882352942
410 3.4876947557143734e-05 0.005931671114180962 300 12.295081967213113
410 4.556714996218662e-05 0.0023083894247437437 400 11.235955056179774
410 4.2858145642707355e-05 0.0029774677316884365 500 11.764705882352942
410 3.685706187273855e-05 0.00622815483439052 600 11.857707509881422
410 3.5562297633163107e-05 0.008362098765977984 700 12.027491408934708
410 3.153832063580488e-05 0.011352044084773217 800 11.577424023154846
420 1.7630993404535748e-05 0.011449502089502626 100 10.1010101010101
420 3.697657718482215e-05 0.005552825389034371 200 11.764705882352942
420 3.8654336908755315e-05 0.006249271176003402 300 12.244897959183673
420 4.8660026208315945e-05 0.001685037751157768 400 11.267605633802816
420 4.415651553372798e-05 0.003687551307032551 500 11.764705882352942
420 3.835068496765697e-05 0.006797861823325141 600 11.811023622047243
420 3.367061743369557e-05 0.009125174559799382 700 12.027491408934708
430 4.864848916304737e-06 0.015484009272530921 100 10.309278350515463
430 4.4495996715755313e-05 0.006761258182828579 200 11.904761904761905
430 4.7769263237901715e-05 0.007255180039650631 300 12.096774193548386
430 4.9457808275276385e-05 0.0006222290279131488 400 11.331444759206798
430 4.441775901415505e-05 0.004502990307903205 500 11.792452830188678
430 3.801184963955723e-05 0.007643153284830964 600 11.811023622047243
430 3.526827867481934e-05 0.010180695785637068 700 12.027491408934708
440 1.4700795286413337e-05 0.013508093819104354 100 10.75268817204301
440 3.8616384515373485e-05 0.005131693972842837 200 12.19512195121951
440 4.008095425112612e-05 0.004819971545898786 300 11.904761904761903
440 4.5016912173923036e-05 0.0009805153504664574 400 11.461318051575931
440 4.4034564083221416e-05 0.005176495969705529 500 11.876484560570072
440 3.604571489370168e-05 0.007980750494235947 600 11.881188118811881
440 3.35427615642153e-05 0.010515566235518371 700 12.027491408934708
450 2.929143155255834e-05 0.014211608323885492 100 11.363636363636363
450 3.587184191120069e-05 0.005244666842349488 200 12.5
450 6.449684285897932e-05 0.0034350631128607033 300 11.627906976744185
450 4.40931703855957e-05 0.0013929117766860997 400 11.627906976744187
450 4.540030654494244e-05 0.005356807273728176 500 12.019230769230768
450 3.622178244722574e-05 0.008268342776757531 600 11.976047904191617
450 3.302247260027319e-05 0.011028851237825498 700 12.048192771084336
460 4.1602432568187025e-05 0.011796504210228537 100 12.048192771084336
460 4.766156490419199e-05 0.006023657546565954 200 12.903225806451612
460 7.326690389293366e-05 0.00467907428280358 300 11.583011583011581
460 4.9258480960137766e-05 0.0012392293993404111 400 11.799410029498526
460 5.1194418321328835e-05 0.005494249574163535 500 12.135922330097086
460 3.8380785521657434e-05 0.008710382278361233 600 12.096774193548386
460 3.787210944781603e-05 0.011943403113882157 700 12.048192771084336
470 2.927759387930012e-05 0.008490011660857616 100 12.82051282051282
470 3.397525071887751e-05 0.004865001335130913 200 13.333333333333334
470 6.038571319604176e-05 0.004515765128478937 300 11.583011583011581
470 5.1718543393940476e-05 0.0021893598270283435 400 11.976047904191617
470 4.872288783353195e-05 0.005776831146462883 500 12.254901960784313
470 3.678302910238035e-05 0.008726289779151427 600 12.219959266802444
470 3.7338916383637545e-05 0.01181561373879881 700 12.068965517241379
480 4.549897163950505e-05 0.006230240583273591 100 13.333333333333334
480 4.613266231879945e-05 0.006047152013814139 200 13.605442176870747
480 6.193126777068929e-05 0.0048550705036180565 300 11.583011583011581
480 5.5489339649392965e-05 0.0026258074105539337 400 12.121212121212121
480 4.654193005193979e-05 0.0061768257577905685 500 12.345679012345679
480 3.8133188369029246e-05 0.009112289840137004 600 12.320328542094455
480 3.876478557642895e-05 0.01215953548807184 700 12.048192771084336
490 8.801199439049349e-05 0.00650869691854516 100 13.6986301369863
490 6.317809154114845e-05 0.010450881432356547 200 13.793103448275861
490 6.9889066518381e-05 0.006146244035816164 300 11.627906976744185
490 5.904440994846152e-05 0.0025628857589821644 400 12.19512195121951
490 4.9966590560993265e-05 0.0065808502401715286 500 12.376237623762375
490 4.332612044553407e-05 0.00984790630512689 600 12.371134020618557
490 4.373634011771522e-05 0.013111046696023787 700 12.006861063464836
500 9.325781238818822e-05 0.008569814515280246 100 13.88888888888889
500 6.814273631596778e-05 0.012940025873587481 200 13.793103448275861
500 7.359400742557341e-05 0.00618232121795086 300 11.627906976744185
500 6.007108979507765e-05 0.003162374647583172 400 12.232415902140671
500 5.057547571634978e-05 0.007352796247782913 500 12.345679012345679
500 4.4558026068997624e-05 0.010419322378747447 600 12.396694214876032
500 4.483504473194431e-05 0.013602829163859366 700 11.925042589437819
510 8.492475662470149e-05 0.00738372929137782 100 13.88888888888889
510 6.176589557149244e-05 0.012102170000945827 200 13.6986301369863
510 6.224778632643334e-05 0.005867784052203615 300 11.627906976744185
510 5.5025400581807324e-05 0.004631089365921762 400 12.232415902140671
510 4.435062133442233e-05 0.008073022124896736 500 12.254901960784313
510 4.176067963948888e-05 0.010484157779779714 600 12.396694214876032
520 8.661832824522724e-05 0.007649250111829613 100 13.88888888888889
520 6.222737169309754e-05 0.012505365963868111 200 13.422818791946309
520 6.573423923337647e-05 0.005489590642121764 300 11.627906976744185
520 5.545916317595575e-05 0.005396273630690827 400 12.19512195121951
520 4.579637425845101e-05 0.00877302405356232 500 12.165450121654501
520 3.8651602749301384e-05 0.011297688195942837 600 12.371134020618557
530 9.069981720870637e-05 0.008836554598094114 100 13.6986301369863
530 6.611635160312537e-05 0.011827853421850366 200 12.658227848101266
530 6.578933128038851e-05 0.004629048887049815 300 11.627906976744185
530 5.813230565248369e-05 0.006297313959569423 400 12.158054711246201
530 4.595551259326019e-05 0.009596654652090551 500 12.106537530266342
530 4.055019300699362e-05 0.012302732901524512 600 12.269938650306747
540 6.92111478365858e-05 0.008817124336267818 100 13.6986301369863
540 9.643530631355824e-05 0.008923037578202704 200 11.363636363636363
540 6.35691056530986e-05 0.005004092817752409 300 11.673151750972762
540 5.979806626333421e-05 0.007094278658743017 400 12.121212121212121
540 4.485077611556722e-05 0.009971708941502696 500 12.077294685990337
540 4.3247979519313006e-05 0.012824287057153154 600 12.048192771084336
550 5.42258565225611e-05 0.008737817197859227 100 13.6986301369863
550 8.103625353989237e-05 0.007874674481832634 200 10.869565217391303
550 6.41125658724144e-05 0.005240597823418816 300 11.673151750972762
550 5.469383465360415e-05 0.007649710952145304 400 12.084592145015105
550 4.223959850890676e-05 0.010160966720580176 500 12.077294685990337
550 3.9611053207930084e-05 0.012991078042076254 600 11.881188118811881
560 2.8496490313170673e-05 0.00914313334988169 100 13.6986301369863
560 8.648359318652066e-05 0.007171561260941982 200 10.695187165775401
560 6.820877195330077e-05 0.0056415407821050235 300 11.673151750972762
560 5.208308651214101e-05 0.00827112737851435 400 12.048192771084336
560 4.337232527604699e-05 0.010577352984551047 500 12.106537530266342
560 4.154517488593383e-05 0.013350968138804908 600 11.741682974559687
570 4.7528642347052274e-05 0.012428699570912683 100 13.513513513513512
570 8.434004344997376e-05 0.006393249167035212 200 10.638297872340425
570 6.40578049429423e-05 0.0063094898521514325 300 11.71875
570 5.156154128706112e-05 0.009056765338784275 400 11.976047904191617
570 4.3002247286839e-05 0.010946870346826109 500 12.106537530266342
570 4.147570811068593e-05 0.013622817733774462 600 11.627906976744185
580 4.837301377897548e-05 0.013591150393823867 100 13.333333333333334
580 8.72552252288439e-05 0.007359718000214696 200 10.638297872340425
580 6.576866071675012e-05 0.007018983540085503 300 11.673151750972762
580 5.140528716385935e-05 0.009655546272413147 400 11.869436201780415
580 4.5856015385302146e-05 0.011296979113537312 500 12.106537530266342
590 4.268677876674888e-05 0.01495834080701642 100 12.987012987012987
590 9.049511636928006e-05 0.007534532262701015 200 10.695187165775401
590 6.595820429697911e-05 0.007976561898755152 300 11.673151750972762
590 5.402569360645615e-05 0.010535619471083923 400 11.764705882352942
590 4.4163094170453245e-05 0.012315142725271538 500 12.077294685990337
600 5.6075677587909624e-05 0.013418289933077898 100 11.764705882352942
600 8.512766448432458e-05 0.007014752683123079 200 10.75268817204301
600 6.670303825694793e-05 0.008682652275159576 300 11.627906976744185
600 5.062661350283977e-05 0.011097041541914255 400 11.695906432748536
600 4.446228455244683e-05 0.013040746204914706 500 11.990407673860911
610 0.0001553491137035756 0.012722507909729498 100 9.80392156862745
610 8.766823488861037e-05 0.0073246133195683715 200 10.75268817204301
610 6.629961519629928e-05 0.008901589546711674 300 11.627906976744185
610 4.9367789844476665e-05 0.011110067794301171 400 11.695906432748536
610 4.4993090348033824e-05 0.013589627185247323 500 11.764705882352942
620 0.00015465848264294258 0.010933245230466382 100 8.928571428571427
620 9.124460518800627e-05 0.007864201742930387 200 10.81081081081081
620 7.023067600508558e-05 0.010316780887480368 300 11.583011583011581
620 4.970899008316931e-05 0.012507424182453488 400 11.695906432748536
620 4.6008358476255865e-05 0.015387279084607346 500 11.547344110854503
630 0.00016909517848480362 0.00966834120324886 100 8.695652173913043
630 9.398914128204006e-05 0.009122066961908886 200 10.81081081081081
630 6.665722303172092e-05 0.011370805889681673 300 11.538461538461538
630 5.237726564276413e-05 0.013419149702343288 400 11.695906432748536
630 4.716224193638971e-05 0.01610562983399601 500 11.41552511415525
640 0.00017189631329813548 0.008764197041794302 100 8.695652173913043
640 9.682127871547576e-05 0.010885117500729093 200 10.869565217391303
640 6.695125826033407e-05 0.012743418271756568 300 11.494252873563218
640 5.2362899011543e-05 0.014109683173111452 400 11.730205278592376
640 4.726053328659274e-05 0.016768128958815066 500 11.312217194570135
650 0.00016633901177561018 0.009164234156198466 100 8.771929824561402
650 9.38873100365486e-05 0.012096011680551903 200 10.92896174863388
650 6.892679966297569e-05 0.013809133960143676 300 11.406844106463877
650 5.24688591961239e-05 0.014537993051487164 400 11.764705882352942
650 4.5242944721466825e-05 0.017363431034940553 500 11.185682326621924
660 0.00017005942108716 0.008448835654941115 100 8.849557522123893
660 8.853003040711581e-05 0.012302708848123966 200 10.989010989010989
660 6.560816202094981e-05 0.013469658472309805 300 11.363636363636363
660 5.053082715930247e-05 0.014185800079732268 400 11.799410029498526
670 0.0001655379196168781 0.010012400293819087 100 9.090909090909092
670 9.346391673763041e-05 0.013923093281073155 200 11.11111111111111
670 6.75971251695403e-05 0.014795248348138461 300 11.363636363636363
670 5.404702759147623e-05 0.015398592678334908 400 11.869436201780415
680 0.00018277486835846095 0.012019802554903224 100 9.523809523809524
680 0.00010071671545988656 0.014598585364438508 200 11.363636363636363
680 7.235735351217633e-05 0.01531421850202635 300 11.538461538461538
680 5.470575276269641e-05 0.016296289041486608 400 11.940298507462687
690 0.00017793981035905225 0.009547165557721195 100 10.1010101010101
690 9.927631867736774e-05 0.012042837365970305 200 11.764705882352942
690 6.536230188330636e-05 0.013309040639682265 300 11.764705882352942
690 5.47550261848602e-05 0.014720267980685573 400 12.084592145015105
700 0.00017418792522565699 0.005134335366449563 100 10.869565217391303
700 9.397255028097178e-05 0.008312958463672682 200 12.19512195121951
700 5.9916786189290787e-05 0.009664594209645093 300 12.096774193548386
700 4.864400799663383e-05 0.011774331614065664 400 12.232415902140671
710 0.0001435926950042469 0.008211754681294425 100 11.627906976744187
710 5.639565532678244e-05 0.008933018370179987 200 12.658227848101266
710 4.238521995216991e-05 0.009157693388528888 300 12.396694214876032
710 3.398476176984214e-05 0.011592781370750491 400 12.345679012345679
720 7.25454131361969e-05 0.0062357697913542265 100 12.5
720 3.406878756463226e-05 0.007338449522079035 200 13.071895424836601
720 1.8258042900621925e-05 0.007984365839921874 300 12.658227848101264
720 2.0947916079154945e-05 0.011740702942544652 400 12.422360248447204
730 4.2959312757168376e-05 0.007949266056900791 100 13.333333333333334
730 3.778801245144937e-05 0.009871467450475022 200 13.422818791946309
730 1.7447726367110568e-05 0.0105827090666057 300 12.93103448275862
730 2.22831688075998e-05 0.014106930553657006 400 12.383900928792569
740 2.9790495199422193e-05 0.009050751376862143 100 13.88888888888889
740 2.1194936468518e-05 0.009666975980206483 200 13.605442176870747
740 1.1524204164508686e-05 0.010773792070085218 300 13.100436681222707
740 2.2398421576934774e-05 0.013863712262679274 400 12.345679012345679
750 2.8623734785929625e-05 0.009512518020477458 100 14.08450704225352
750 2.407231364923745e-05 0.009490714701549507 200 13.605442176870747
750 2.003842458717567e-05 0.010166352211498295 300 13.215859030837002
750 2.7119953448108933e-05 0.013565167681970601 400 12.232415902140671
760 3.605483471635532e-05 0.011541859195650594 100 14.285714285714286
760 2.7084412305547028e-05 0.010638062067192106 200 13.422818791946309
760 2.7062455145896544e-05 0.01010775219212653 300 13.215859030837002
760 3.159931092873026e-05 0.013894073336409138 400 12.048192771084336
770 3.4070520807932754e-05 0.014459672404893547 100 14.08450704225352
770 2.25585847599665e-05 0.012391891386812936 200 13.071895424836601
770 1.909373700185841e-05 0.011413545228878299 300 13.157894736842104
780 2.6935284182102227e-05 0.015528031392667235 100 13.88888888888889
780 2.051736541515527e-05 0.012538886415406032 200 12.82051282051282
780 1.8345392233881006e-05 0.012165429868905123 300 13.043478260869565
790 4.788654966380814e-05 0.012767095649107336 100 13.6986301369863
790 1.5288434529715842e-05 0.01151446928443301 200 12.658227848101266
790 1.7226985938895587e-05 0.013510656876708648 300 12.711864406779661
800 4.567048550329854e-05 0.011683377971520754 100 13.333333333333334
800 1.5667569857392818e-05 0.011348135343332424 200 12.658227848101266
800 2.06208356423951e-05 0.015569313623168114 300 12.195121951219512
810 3.9541428936860605e-05 0.010309507649934834 100 13.157894736842104
810 1.6838438741378535e-05 0.010933439339275177 200 12.658227848101266
810 2.7105349110157743e-05 0.014896999557557316 300 11.857707509881422
820 4.288377385923464e-05 0.009592253574330752 100 12.82051282051282
820 2.0582786968679307e-05 0.009851621952309075 200 12.658227848101266
820 3.4335638916662316e-05 0.01432122997620931 300 11.627906976744185
830 3.299336536619385e-05 0.009973889597916114 100 12.345679012345679
830 2.5530179491421612e-05 0.008896116576139049 200 12.658227848101266
830 2.9864474732965447e-05 0.01405491080431679 300 11.363636363636363
840 3.7636980920907845e-05 0.009001703128162291 100 12.048192771084336
840 1.910114033012704e-05 0.008325644985373904 200 12.658227848101266
850 3.761383616941702e-05 0.00877519156428072 100 11.764705882352942
850 2.271969524956612e-05 0.009329212895543875 200 12.578616352201257
860 2.1516578884982378e-05 0.008599340728898933 100 11.627906976744187
860 2.926262102667138e-05 0.012065369227568418 200 12.269938650306749
870 3.6287299883722143e-05 0.010029501070688002 100 11.764705882352942
870 2.3088634386057764e-05 0.016266107596338918 200 11.764705882352942
880 2.2979092295844925e-05 0.010985480076299108 100 11.904761904761905
880 1.7637333801023925e-05 0.01755550586368091 200 11.363636363636363
890 1.0951538282520305e-05 0.012575153153157055 100 12.048192771084336
890 3.5448576930016297e-05 0.018136409114481684 200 11.11111111111111
900 2.7650375860782647e-05 0.010794193820689659 100 12.345679012345679
900 4.187050600129263e-05 0.017278147199962693 200 10.989010989010989
910 5.1390924892728906e-05 0.00959383272359033 100 12.658227848101266
910 4.082427144184473e-05 0.01730927778496933 200 10.81081081081081
920 2.2887238469047985e-05 0.009322703259563631 100 12.987012987012987
930 1.1860425334335708e-05 0.010399180183435466 100 13.333333333333334
940 1.677840365167492e-05 0.014054178013818424 100 13.157894736842104
950 3.424292406720222e-05 0.01997882465929775 100 12.048192771084336
960 5.259754558209642e-05 0.024733847857135595 100 10.989010989010989
970 6.597493216275764e-05 0.023649613072196516 100 10.204081632653061
980 5.7725323936958665e-05 0.02399135689474736 100 9.70873786407767
990 3.395101199986366e-05 0.025522633872077916 100 9.090909090909092
