0 2.2353965918447925e-05 0.007831009647792082 100 5.780346820809248
0 5.79257807456633e-05 0.005215294710745344 200 6.369426751592356
0 5.281684635248424e-05 0.004828308456983648 300 6.726457399103139
0 1.7789400374766112e-05 0.0032395098295339188 400 6.908462867012089
0 0.00012887929168628527 0.0043920953221248575 500 6.297229219143577
0 0.00011297966711442192 0.014296946330632316 600 6.741573033707865
10 2.069811523435114e-05 0.007102907524151912 100 6.097560975609755
10 5.673554870194945e-05 0.00499025153665931 200 6.451612903225806
10 5.1371775703296464e-05 0.00439510327145814 300 6.84931506849315
10 1.7688191616129614e-05 0.0030321621820706608 400 7.017543859649122
10 0.00012822257532652242 0.004445852248285642 500 6.369426751592357
10 0.00011326818116486181 0.014560347294468435 600 6.802721088435374
20 2.8177120516646404e-05 0.007196830497526546 100 6.369426751592356
20 6.331060116732802e-05 0.004698644044897002 200 6.4935064935064934
20 4.177505937583872e-05 0.004027316451401302 300 6.960556844547564
20 2.0241988243388847e-05 0.002492767017507172 400 7.117437722419928
20 0.00012749524102256664 0.004278339580547544 500 6.435006435006435
20 0.00011142670241737008 0.014774274292736396 600 6.857142857142857
30 6.683070861720819e-05 0.009450090190773766 100 6.62251655629139
30 5.206657834045404e-05 0.00636105190878487 200 6.5359477124183005
30 2.3942405826277896e-05 0.0025317519036919998 300 7.04225352112676
30 1.991483210809973e-05 0.0017138796533534674 400 7.207207207207207
30 0.00013397751516509504 0.0032380854268368323 500 6.501950585175552
30 0.00011636540949158672 0.014878180472894714 600 6.8886337543053955
40 8.105402079222246e-05 0.011298220188287838 100 6.84931506849315
40 4.123699668949793e-05 0.004269020838226997 200 6.578947368421052
40 2.9196561315733602e-05 0.004099989577989728 300 7.075471698113207
40 2.8207269939755217e-05 0.0027912744296720426 400 7.2992700729927
40 0.00013048542704419683 0.0038191581566048155 500 6.561679790026247
40 0.00012757694130469013 0.014981401045585051 600 6.912442396313363
50 9.007964524242674e-05 0.012833871918069308 100 7.04225352112676
50 3.5310741687265904e-05 0.0033977272443919382 200 6.600660066006601
50 4.572067789741508e-05 0.006228874280415793 300 7.0588235294117645
50 4.0329286795045685e-05 0.0044970149865239985 400 7.366482504604051
50 0.00012537387263098217 0.005398458620136291 500 6.605019815059445
50 0.00012145033093358399 0.015859544024317617 600 6.896551724137931
60 9.367587616546585e-05 0.013191446213531095 100 7.092198581560283
60 2.5754944026682378e-05 0.003910134400670967 200 6.62251655629139
60 3.134050790122115e-05 0.00618438432220462 300 6.9930069930069925
60 3.521260593853111e-05 0.005981440694630599 400 7.407407407407407
60 0.00012492500595211224 0.006611985639889752 500 6.6401062416998675
60 0.0001287046760690133 0.01606599290400703 600 6.8807339449541285
70 8.15001162713136e-05 0.014971531757306937 100 7.142857142857143
70 2.9746385516941598e-05 0.005006563807317511 200 6.644518272425249
70 3.7576230784217705e-05 0.006206218527265732 300 6.944444444444444
70 3.838079825774279e-05 0.006637980870360776 400 7.421150278293134
70 0.00012444084050721398 0.007471500817534024 500 6.666666666666667
70 0.00013231695355837503 0.01627778345084326 600 6.872852233676975
80 8.669947231879838e-05 0.015045429185342353 100 7.142857142857143
80 2.9086862893373232e-05 0.005911879860985864 200 6.68896321070234
80 2.9717073347807032e-05 0.006063414050335255 300 6.928406466512701
80 4.5465039041863485e-05 0.006319504179413797 400 7.434944237918215
80 0.000126815883768077 0.008447445753500147 500 6.684491978609626
80 0.00013570991775036894 0.016661940323426706 600 6.864988558352402
90 8.57364673226768e-05 0.014980785356026155 100 7.142857142857143
90 2.7363541405371722e-05 0.004272858739102109 200 6.7114093959731544
90 1.8731390483685663e-05 0.005337888662387061 300 6.944444444444444
90 3.9365188445264445e-05 0.00497121846035079 400 7.434944237918215
90 0.00013278819519854987 0.009026038485795312 500 6.7114093959731544
90 0.0001386711284069594 0.01712276749483388 600 6.857142857142857
100 4.982791048565814e-05 0.01442323395571801 100 7.092198581560283
100 2.433286978680521e-05 0.003380519767308971 200 6.756756756756756
100 2.6269563221464867e-05 0.005213037574440493 300 6.960556844547564
100 0.0001594118812229372 0.004175231133883288 400 7.2992700729927
100 0.00013304008669464838 0.010082636296626778 500 6.7294751009421265
100 0.00014233870315023264 0.01733869608225527 600 6.833712984054669
110 6.4488149783253e-05 0.014606521884037499 100 7.092198581560283
110 3.3461721301172325e-05 0.003181240744066098 200 6.802721088435374
110 3.239741250027547e-05 0.00457762483268643 300 6.9930069930069925
110 0.00014784766540071347 0.00292595677064681 400 6.2208398133748055
110 0.00013437562369591062 0.011021887628849042 500 6.756756756756757
110 0.00014389398722106846 0.01759856004523813 600 6.81044267877412
120 7.027951046691694e-05 0.015050313236759129 100 7.142857142857143
120 4.163817588146986e-05 0.003692407717113279 200 6.8728522336769755
120 3.036228329823458e-05 0.0037650718028378006 300 7.02576112412178
120 0.00014270807829213 0.0025522231214287995 400 6.211180124223602
120 0.00013545470665518803 0.011903147644774535 500 6.7934782608695645
120 0.00014007528212270744 0.01818160746128643 600 6.779661016949152
130 7.196022339009271e-05 0.01394747190871588 100 7.352941176470588
130 3.615257706499338e-05 0.0036046678226125295 200 6.9930069930069925
130 3.9332414586570934e-05 0.003064027749746844 300 7.092198581560283
130 0.00014184086103599113 0.0033273276392740015 400 6.25
130 0.0001335163246447756 0.01300695351121838 500 6.839945280437756
130 0.00013686895591434305 0.018790309319133513 600 6.726457399103139
140 3.6704042833411676e-05 0.01593430281664576 100 7.575757575757575
140 5.3906181941276466e-05 0.0057865800230030625 200 7.142857142857143
140 5.573688013598139e-05 0.0031820846139467276 300 7.177033492822966
140 0.00012996170148709503 0.004807300447076063 400 6.299212598425197
140 0.0001256545375742738 0.013528855470064985 500 6.896551724137931
140 0.00013174076138994988 0.018913257556544955 600 6.666666666666667
150 5.5370954488338445e-05 0.01354577516295089 100 7.751937984496124
150 5.4248407560878356e-05 0.003579156579910356 200 7.246376811594202
150 4.037133224720246e-05 0.002564627033032175 300 7.263922518159806
150 0.0001456407085751229 0.004126011095402937 400 6.3391442155309035
150 0.00013567698858539992 0.014314547832353376 500 6.934812760055478
150 0.0001375735730141329 0.01967633859428596 600 6.593406593406593
160 9.434029699819712e-05 0.010695104203585958 100 7.6923076923076925
160 7.86627263092125e-05 0.005460279236547216 200 7.2992700729927
160 3.3303605004907076e-05 0.0032346143572904744 300 7.317073170731708
160 0.0001506786260892167 0.004658737291037255 400 6.379585326953748
160 0.00013540598712388644 0.015577226707370127 500 6.963788300835655
160 0.00013385500857644272 0.020408199560894628 600 6.5359477124183
170 0.00012007812747306833 0.005544170732583624 100 7.142857142857143
170 7.968530684033865e-05 0.006563490146929719 200 7.2727272727272725
170 2.589203680775352e-05 0.004940313364573877 300 7.352941176470588
170 0.0001602014902808377 0.006362918729080675 400 6.420545746388442
170 0.0001372051234188741 0.018418705083553706 500 6.963788300835655
180 0.00016734384509682992 0.009962546348242224 100 6.369426751592356
180 6.810038543481417e-05 0.007311111256238303 200 7.2202166064981945
180 3.0773277559100424e-05 0.005383407346414018 300 7.407407407407407
180 0.00015628751272451466 0.0076025797434836695 400 6.451612903225806
180 0.00013698042915062943 0.01974353099956539 500 6.925207756232687
190 0.00013652946664741703 0.009834532788959847 100 6.172839506172839
190 6.642513908873463e-05 0.00699082461561371 200 7.067137809187279
190 3.9457615178726047e-05 0.007079028452857849 300 7.444168734491314
190 0.0001594887969825508 0.00948872247102731 400 6.4935064935064934
190 0.00014785608851196957 0.021476959736799695 500 6.868131868131869
200 0.00013293663230327384 0.008893724072195961 100 6.134969325153374
200 3.638080244020104e-05 0.007314985809531898 200 6.8728522336769755
200 3.248818010981801e-05 0.00887542159368454 300 7.481296758104738
200 0.00015719158920505356 0.011228846980984187 400 6.514657980456025
200 0.00015810303246019733 0.02152725566914602 500 6.8212824010914055
210 0.00012899209486564743 0.00738399556563878 100 6.172839506172839
210 3.3407865144215064e-05 0.007587234841394614 200 6.802721088435374
210 3.844984052519497e-05 0.010152389456178081 300 7.5
210 0.0001570212839762555 0.01241803886498055 400 6.546644844517185
210 0.00016427800063536615 0.022180177820993685 500 6.802721088435374
220 0.0001319401459924022 0.006905147616381157 100 6.211180124223602
220 3.905473674908421e-05 0.005945897534193594 200 6.802721088435374
220 4.613975965845038e-05 0.009595592405567817 300 7.518796992481202
220 0.00016516628011257274 0.013723084505159255 400 6.568144499178981
220 0.00017029996081927658 0.022956555521998233 500 6.7934782608695645
230 9.643128568654801e-05 0.009961728298112777 100 6.289308176100628
230 3.0311198800782136e-05 0.005736063805432274 200 6.8259385665529
230 4.965201967099286e-05 0.008925975654896586 300 7.518796992481202
230 0.00016426755808845097 0.01538834045509676 400 6.600660066006601
230 0.00016749284301909302 0.023722136572024686 500 6.7842605156037985
240 7.046672253023712e-05 0.009847430516195148 100 6.41025641025641
240 3.804819761046758e-05 0.004686473531867955 200 6.8728522336769755
240 0.0002168943661569448 0.009661191345123119 300 7.334963325183373
240 0.00016655886789086567 0.01609283916221405 400 6.633499170812603
240 0.00017133173967041768 0.023812057600937797 500 6.7658998646820026
250 8.241668813347156e-05 0.01130424738664939 100 6.4935064935064934
250 4.966935204314285e-05 0.00510749387064379 200 6.920415224913494
250 0.0001963274810820871 0.007595782440752229 300 5.964214711729622
250 0.00016701348234714807 0.017790383027173173 400 6.666666666666667
250 0.00017166468445484217 0.024408000318604805 500 6.747638326585694
260 7.986619223249454e-05 0.013613555841508515 100 6.578947368421052
260 4.937043214849012e-05 0.008009638374861091 200 6.944444444444445
260 0.00018722972080263643 0.008254238142620687 300 5.928853754940711
260 0.00016649467096510346 0.01933719530810421 400 6.700167504187604
260 0.00016394132411076578 0.02517148401307576 500 6.693440428380187
270 0.00010998812129662864 0.01727596589831442 100 6.666666666666667
270 7.371285485471027e-05 0.009208148035657948 200 6.968641114982578
270 0.00017752678658128422 0.010639040985961353 300 5.9405940594059405
270 0.00016095696330531566 0.020818145407515556 400 6.722689075630252
270 0.0001602476143733276 0.025805042322789108 500 6.510416666666666
280 9.63124393869207e-05 0.01988289694297055 100 6.756756756756756
280 8.616325171655878e-05 0.00936311763950852 200 7.017543859649122
280 0.0001853819903045348 0.010626337248642478 300 5.9760956175298805
280 0.00016116305657586563 0.02166368374689259 400 6.756756756756756
280 0.00015670281249675184 0.026403181503279697 500 6.377551020408163
290 7.495030043009926e-05 0.018779351259988367 100 6.84931506849315
290 6.453668389729733e-05 0.00836692825113907 200 7.117437722419928
290 0.00020436934488974036 0.008611453749351242 300 6.024096385542168
290 0.00017053748693171184 0.02258790462646108 400 6.7911714770797955
290 0.00016293174892588512 0.026567654517571527 500 6.32111251580278
300 7.993973879853913e-05 0.017580513024840812 100 7.092198581560283
300 5.644343891729167e-05 0.008171953020954132 200 7.246376811594202
300 0.00020674024876096402 0.007507160997811616 300 6.109979633401222
300 0.0001665329225217549 0.022198330326994396 400 6.837606837606837
310 7.2955505262412e-05 0.01887975484877131 100 7.407407407407407
310 6.828170045166255e-05 0.009074396935649057 200 7.462686567164179
310 0.00020714514077275974 0.008946987141246846 300 6.198347107438016
310 0.00016409217815001336 0.023193057126875572 400 6.908462867012089
320 3.427398098991305e-05 0.016799799000079333 100 7.751937984496124
320 5.5149888470304553e-05 0.008653875054944471 200 7.6923076923076925
320 0.00022821490134265635 0.006382576243781023 300 6.315789473684211
320 0.0001802036820008087 0.023271991903654046 400 6.9930069930069925
330 6.37515287207429e-05 0.01858859783157866 100 8.130081300813007
330 6.189465161544276e-05 0.011849290081980244 200 7.905138339920948
330 0.000249507030664042 0.007765063561954701 300 6.41025641025641
330 0.00019291183266017964 0.02429066736643647 400 7.054673721340388
340 2.609769904682652e-05 0.020144865779920217 100 8.264462809917354
340 5.63551750728316e-05 0.013451852467115348 200 8.097165991902832
340 0.0002493344792071257 0.008584743692630098 300 6.507592190889371
340 0.00020385102204128084 0.02410631313246371 400 7.079646017699115
350 8.232358055271692e-05 0.01765864235460891 100 8.130081300813007
350 7.004045552394876e-05 0.01234639222244436 200 8.23045267489712
350 0.00023506114348620084 0.008989041755983085 300 6.578947368421052
350 0.00019812436403508977 0.02477913832342775 400 7.04225352112676
360 0.00010762113842353635 0.01571901237630154 100 7.751937984496124
360 7.233221794281642e-05 0.013284598067433486 200 8.333333333333334
360 0.0002213622589644146 0.011658791967581485 300 6.62251655629139
360 0.00020155216395988736 0.025230860299264708 400 6.9930069930069925
370 0.0001516344238500905 0.013651874883387921 100 7.518796992481203
370 9.795381809054598e-05 0.01506430791203703 200 8.368200836820083
370 0.0002140493049605321 0.014345201246168457 300 6.651884700665188
370 0.00020135931705603596 0.025850268719712605 400 6.968641114982578
380 0.0001344670678121655 0.0097304079568152 100 7.407407407407407
380 0.00010520129453639934 0.014178196138918804 200 8.333333333333334
380 0.00022014632771494579 0.015499353642490759 300 6.666666666666667
380 0.00020841191298012312 0.026503237900405034 400 6.932409012131715
390 0.00010885338392418655 0.009863038688331485 100 7.352941176470588
390 9.94497471989064e-05 0.010247269782423924 200 8.19672131147541
390 0.00022072341448846965 0.017179455844781675 300 6.681514476614699
390 0.0002105156279034372 0.02705461483379225 400 6.884681583476764
400 0.00014674268287943429 0.009266142231671057 100 7.2992700729927
400 0.00031316180886623615 0.00931694031578869 200 5.747126436781609
400 0.00022635234203919284 0.01886990918290969 300 6.696428571428571
400 0.00021527005160465156 0.02755298838003588 400 6.814310051107325
410 0.00014220232266722805 0.006180760661104493 100 7.246376811594202
410 0.00029855592999671645 0.00788763927518141 200 5.617977528089887
410 0.00023255686891151642 0.021124277357481173 300 6.711409395973154
410 0.00021122561308191499 0.028817686117069346 400 6.700167504187604
420 0.00016420816691225848 0.0030448095936338824 100 7.194244604316546
420 0.0003096702669253313 0.007856908598796505 200 5.617977528089887
420 0.00023995355304991337 0.022663124478627603 300 6.726457399103139
420 0.00021762066669470486 0.02999116568208821 400 6.4
430 0.0001581296611097344 0.003087838315671597 100 7.246376811594202
430 0.0003251147641009242 0.007760662129685646 200 5.633802816901408
430 0.00023994244445785357 0.02448807454566414 300 6.726457399103139
430 0.00020795092227286662 0.031123246446382348 400 6.230529595015576
440 0.00014134431873629718 0.003361494017543404 100 7.352941176470588
440 0.00033737256220593427 0.00820418867133645 200 5.698005698005698
440 0.0002402325352280382 0.027140609937832204 300 6.741573033707865
450 0.00014238290423998717 0.004684978373510801 100 7.575757575757575
450 0.00034652994369502045 0.009354613677228944 200 5.763688760806916
450 0.00023992935174227552 0.02965786459975247 300 6.741573033707865
460 0.00011717722732381191 0.007683618556800571 100 7.874015748031495
460 0.0003651755700206592 0.009309015995121388 200 5.865102639296188
460 0.000270119571438149 0.03213213010775909 300 6.726457399103139
470 5.6958907812935474e-05 0.013236425842045964 100 8.19672131147541
470 0.0003715651893060651 0.012685268395625317 200 5.9523809523809526
470 0.0002753895058023643 0.03454352615417301 300 6.726457399103139
480 4.2041154076409535e-05 0.01619095162808258 100 8.620689655172413
480 0.00035818777209412013 0.014839917783898218 200 6.0606060606060606
480 0.0002849949081783426 0.034435744730102545 300 6.741573033707865
490 5.260129893699315e-05 0.01690798934815642 100 8.928571428571427
490 0.000342157527231149 0.01611942863362253 200 6.172839506172839
490 0.00028298894114559014 0.03330844636604673 300 6.756756756756756
500 4.543550273145912e-05 0.01824783478503011 100 9.25925925925926
500 0.00034035696153655713 0.017624129341175382 200 6.25
500 0.00028852613449359535 0.03375479693354771 300 6.787330316742081
510 7.75934163147638e-05 0.01932400450680846 100 9.433962264150942
510 0.0003408037758893178 0.02140933873781608 200 6.309148264984227
510 0.0002890658069118046 0.03528260343486651 300 6.787330316742081
520 0.00010692481684959448 0.020016941023268814 100 9.345794392523363
520 0.00033943827786443313 0.02529577351645855 200 6.349206349206349
520 0.0002852055321385779 0.03724028097169746 300 6.741573033707865
530 0.0007056535030331162 0.020321908848570876 100 8.19672131147541
530 0.00035117698651931256 0.02979232904005291 200 6.369426751592356
530 0.0003010351787399085 0.03902062712972036 300 6.681514476614699
540 0.000606109379071183 0.015776704210812783 100 4.608294930875576
540 0.00036168182169110175 0.03196466916464103 200 6.41025641025641
540 0.00030454565431308183 0.03929941898396225 300 6.593406593406593
550 0.0006392647181282465 0.012805858958197166 100 4.5662100456621
550 0.000370662700856058 0.033165068432437765 200 6.451612903225806
550 0.00030036529527937373 0.0393868872936086 300 6.41025641025641
560 0.0006730746136879205 0.008641573653456474 100 4.5662100456621
560 0.00039010754996431156 0.03842548399720679 200 6.472491909385113
560 0.00031061235952110997 0.042527614889982794 300 6.072874493927125
570 0.000701176649113759 0.010399398315653117 100 4.587155963302752
570 0.0003863710502667074 0.04130693028030755 200 6.472491909385113
570 0.00030434949143469186 0.04346842369388113 300 5.870841487279844
580 0.000717052371773593 0.013137198131375961 100 4.62962962962963
580 0.00037340146110614284 0.04505284605142828 200 6.349206349206349
590 0.0007392410447844227 0.01912110583438623 100 4.651162790697675
590 0.0004177482269563176 0.04930073527535079 200 6.153846153846154
600 0.0007220987797118588 0.02345934776776186 100 4.672897196261681
600 0.0004448396365968208 0.04649082672846138 200 5.9880239520958085
610 0.0007376487078067076 0.02602138715266552 100 4.694835680751174
610 0.00046955659613004663 0.04733395580565 200 5.9347181008902075
620 0.0007509953561652782 0.03280096699145373 100 4.739336492890995
620 0.0004740683410601306 0.05043515228506164 200 5.899705014749263
630 0.0007411065085582791 0.04241304093086388 100 4.8076923076923075
630 0.00046786469433102195 0.052786659562718954 200 5.899705014749263
640 0.0004004970480868826 0.022179677953711435 100 4.95049504950495
640 0.00029417619461935855 0.0313717132500595 200 5.9523809523809526
650 0.0002045292563804109 0.02102099888313026 100 5.154639175257731
650 0.00013484003867376195 0.02331038005751464 200 6.079027355623101
660 0.00013412763310130288 0.015935076467756534 100 5.405405405405405
660 0.00012968041153587484 0.019947319187778298 200 6.230529595015576
670 7.0939671074666e-05 0.016264621616994244 100 5.714285714285714
670 0.00011129170754767414 0.020047405688431642 200 6.430868167202572
680 7.716578833457137e-05 0.016296072115735503 100 6.0606060606060606
680 0.00011052314405729809 0.02004376826299706 200 6.644518272425249
690 8.355955912940355e-05 0.01659471994581551 100 6.451612903225806
690 0.00010982019444509668 0.020227024561087985 200 6.8728522336769755
700 8.879395578758931e-05 0.016534898435665385 100 6.896551724137931
700 0.00011176581522136707 0.020261546703190487 200 7.117437722419928
710 9.19615933777179e-05 0.01683450885740098 100 7.407407407407407
710 0.00011089274054440266 0.02039623150963842 200 7.380073800738007
720 5.805599257070159e-05 0.015120092685646251 100 8.0
720 0.00010907179500064878 0.01951602274603836 200 7.633587786259541
730 4.086067936177589e-05 0.012308595400215594 100 8.695652173913043
730 0.00012451095528381344 0.018661890558393443 200 7.936507936507936
740 9.176424338566986e-05 0.009778826287687154 100 9.345794392523363
740 0.00013521528688852498 0.01828783746271815 200 8.16326530612245
750 7.218336988831648e-05 0.010791163528019876 100 10.1010101010101
750 0.00013348184660690233 0.018919809894535674 200 8.333333333333334
760 0.00012534305006507685 0.013902480722710362 100 10.526315789473685
760 0.00015836256474711455 0.020781681696900575 200 8.333333333333334
770 0.00010907700587280932 0.014473421588000386 100 10.869565217391303
770 0.00013773263816528787 0.020821482578765493 200 7.8431372549019605
780 0.00011495110256483983 0.015863057656745037 100 10.869565217391303
780 0.0001290720041704012 0.021966302968892567 200 7.092198581560283
790 8.686744648546297e-05 0.023683964743256073 100 10.526315789473685
800 0.00011986772197167303 0.03075094918094825 100 9.433962264150942
810 0.0001831905012366956 0.02435183825932414 100 8.403361344537815
820 0.00023270665459909724 0.022032072077617756 100 8.0
830 0.00022327040192139042 0.022741527583321444 100 7.6923076923076925
840 0.00022092123467015238 0.02389303935381661 100 7.352941176470588
850 0.00021168831474666463 0.027077402892125183 100 6.9930069930069925
860 0.00017866962742282087 0.028026918738709404 100 6.134969325153374
870 0.00015905008449113307 0.028149996735096012 100 5.208333333333332
880 0.00017015001426913399 0.023957088742777705 100 4.8309178743961345
