0 7.90077860091624e-05 0.007472386855785745 100 8.47457627118644
0 4.204194287247701e-05 0.013274138245742539 200 9.433962264150942
0 4.334214646023024e-05 0.017505692735741304 300 10.416666666666666
0 4.615088404157625e-05 0.01668809695392993 400 10.471204188481675
0 2.557315894642444e-05 0.01543042010586689 500 10.416666666666666
0 1.1915234983193253e-05 0.01509926945277195 600 10.416666666666666
0 1.8995016651058452e-05 0.014074442417897478 700 10.27900146842878
0 2.450709304604178e-05 0.014446600841604453 800 10.282776349614394
10 0.00011650479737896632 0.008946834275063481 100 9.009009009009008
10 5.526435992679517e-05 0.015771788687495545 200 9.75609756097561
10 3.487645445277952e-05 0.018520450140088466 300 10.714285714285714
10 3.643215578477909e-05 0.01671285031445381 400 10.666666666666666
10 1.9189304082102463e-05 0.014719771348895976 500 10.570824524312895
10 9.268133539692384e-06 0.013989680241363435 600 10.544815465729348
10 1.380773533057446e-05 0.013121008727921584 700 10.37037037037037
10 2.0056490340556904e-05 0.013466318490317954 800 10.376134889753565
20 8.945780506644396e-05 0.009037118740919264 100 9.615384615384615
20 4.1047196159204435e-05 0.015651820061340097 200 10.0
20 4.439653774404545e-05 0.018285000192599002 300 10.94890510948905
20 4.333761206397949e-05 0.017051915074527628 400 10.81081081081081
20 2.6230879232855946e-05 0.015770866771427475 500 10.70663811563169
20 1.0448574122367391e-05 0.015077853468899519 600 10.657193605683835
20 1.9541550190671903e-05 0.014246700806577771 700 10.447761194029852
20 2.4131226346509786e-05 0.014597637860735504 800 10.471204188481675
30 8.150636161306141e-05 0.006977878730516095 100 10.1010101010101
30 2.7925096932914794e-05 0.013857527575662786 200 10.256410256410257
30 4.907108202915283e-05 0.016950904349317522 300 11.194029850746269
30 4.056691654025398e-05 0.016124101543192722 400 10.92896174863388
30 2.875460705984528e-05 0.015412507180803545 500 10.822510822510822
30 1.2853233228185942e-05 0.014548815623206401 600 10.75268817204301
30 2.2097019355435483e-05 0.014032530161042122 700 10.510510510510509
30 2.594159569112829e-05 0.014369663122078425 800 10.554089709762533
40 9.36273190107179e-05 0.006214360972054507 100 10.638297872340425
40 2.397390240550564e-05 0.01368874198243234 200 10.471204188481675
40 5.0987568619394664e-05 0.016130175720027368 300 11.406844106463877
40 3.7523757618951366e-05 0.014999168579599556 400 11.019283746556473
40 2.863336620761013e-05 0.014824700872680147 500 10.917030567685588
40 1.3781500385133918e-05 0.013794043748510641 600 10.830324909747292
40 2.6201574625286975e-05 0.013527215070039407 700 10.542168674698795
40 2.7053747032112883e-05 0.013872938603077542 800 10.624169986719789
50 8.724980745197383e-05 0.0060695257423261685 100 10.989010989010989
50 3.176964462383331e-05 0.015546460411717887 200 10.638297872340425
50 5.678992175469476e-05 0.01749677496098422 300 11.538461538461538
50 4.130293994439509e-05 0.015923260150658074 400 11.080332409972298
50 2.5852331574636094e-05 0.015970972355104484 500 10.989010989010989
50 1.3897756724133593e-05 0.014627622929483337 600 10.88929219600726
50 2.814998213636033e-05 0.014570935983842256 700 10.558069381598793
50 2.6527424613411017e-05 0.014835278506456209 800 10.680907877169558
60 8.576405239903176e-05 0.005679640427358582 100 11.363636363636363
60 4.964404249519265e-05 0.016432337268272333 200 10.81081081081081
60 5.954537957037385e-05 0.017744421999828303 300 11.627906976744185
60 4.78703806833772e-05 0.016380142697637507 400 11.080332409972298
60 2.8625823421017986e-05 0.01691589923296028 500 11.013215859030836
60 1.890970263533372e-05 0.015373918876280169 600 10.909090909090908
60 2.890403897340964e-05 0.015360839133999125 700 10.558069381598793
60 2.7958452431221487e-05 0.015722788739394297 800 10.72386058981233
70 0.00012780485035983398 0.007472480195285418 100 11.494252873563218
70 6.252801636604464e-05 0.02041346302987029 200 10.92896174863388
70 7.483234566269659e-05 0.019325336165928565 300 11.627906976744185
70 4.6991950378830495e-05 0.018333750705209387 400 11.080332409972298
70 3.0575098780326534e-05 0.018655774159489765 500 10.964912280701753
70 1.5739581111958635e-05 0.01654144038274874 600 10.909090909090908
70 2.9496622901741215e-05 0.016771008193041448 700 10.558069381598793
70 2.7978390335502817e-05 0.01683101113847387 800 10.767160161507404
80 0.00014280445958124373 0.007518728331149163 100 11.494252873563218
80 7.015299880331699e-05 0.023032809845086488 200 11.049723756906076
80 9.114566901008975e-05 0.020805358489182833 300 11.583011583011581
80 5.3938126757216917e-05 0.020364398967173247 400 11.049723756906076
80 3.461271112789447e-05 0.02042262350144612 500 10.940919037199125
80 2.2383262841499693e-05 0.01828752934314026 600 10.88929219600726
80 3.516476483154764e-05 0.01872791062373374 700 10.558069381598793
80 3.2136354477490064e-05 0.018714482624585745 800 10.79622132253711
90 0.00013982356257176128 0.008398590049427055 100 11.494252873563218
90 8.012174626245012e-05 0.02373899806822571 200 11.235955056179774
90 9.373064396559173e-05 0.021450019376303295 300 11.538461538461538
90 5.0234149719100704e-05 0.02121743805965719 400 11.049723756906076
90 3.242397227561776e-05 0.02126628550722665 500 10.917030567685588
90 2.6509046699306267e-05 0.019427585642849993 600 10.849909584086799
90 3.8742870386994035e-05 0.01950942927558577 700 10.558069381598793
90 3.412752866338673e-05 0.019461501094015482 800 10.825439783491204
100 0.00012503306431584622 0.012585380705302933 100 11.235955056179774
100 9.997996766139928e-05 0.023598943663349577 200 11.428571428571429
100 9.390760830511663e-05 0.02250791018845685 300 11.450381679389311
100 5.456612317702135e-05 0.022127195260181712 400 11.019283746556473
100 3.3552619113250406e-05 0.021996155561019786 500 10.917030567685588
100 2.8016662342975423e-05 0.020219149511514864 600 10.771992818671453
100 4.036732458630353e-05 0.02051091323211414 700 10.558069381598793
100 3.502173277286736e-05 0.02003786336105211 800 10.854816824966079
110 9.866205210111735e-05 0.016523674964810414 100 10.869565217391303
110 0.0001061499740504724 0.02368491722709666 200 11.560693641618496
110 8.503869359718118e-05 0.022729461111277386 300 11.406844106463877
110 4.749412626672223e-05 0.021667611397328847 400 11.019283746556473
110 2.7690585510118265e-05 0.021388656653918307 500 10.917030567685588
110 3.139567164566701e-05 0.019476374521283358 600 10.695187165775401
110 3.868567255018333e-05 0.019664278540626263 700 10.574018126888218
110 3.595976958112099e-05 0.01905786712350065 800 10.854816824966079
120 6.951349846664869e-05 0.02124154244589048 100 10.416666666666664
120 0.0001091047146497608 0.024277266003190735 200 11.695906432748536
120 8.607448994736652e-05 0.023241699877196095 300 11.278195488721805
120 5.1591480718954526e-05 0.022093122983271665 400 11.019283746556473
120 2.9235585772975367e-05 0.021033430837083998 500 10.893246187363832
120 3.47276495730965e-05 0.01987386762967916 600 10.600706713780918
120 3.896586849212188e-05 0.019812492478301028 700 10.59001512859304
120 3.675916180231352e-05 0.019253048901988555 800 10.825439783491204
130 9.304047068393808e-05 0.02184366370819424 100 10.204081632653061
130 0.00011715028460066797 0.024226627580409246 200 11.764705882352942
130 8.074020859590139e-05 0.023375252976117228 300 11.152416356877323
130 5.677814740265265e-05 0.022865457163340337 400 10.95890410958904
130 3.359455074541363e-05 0.021180594429281267 500 10.845986984815617
130 4.0494767601641574e-05 0.02045914470530225 600 10.526315789473685
130 4.2266633421302793e-05 0.0201121998389581 700 10.59001512859304
130 3.809099663130386e-05 0.0199070987413369 800 10.79622132253711
140 0.0001327190910993729 0.028864289284966708 100 10.1010101010101
140 0.00012647232899710276 0.027072485553902386 200 11.695906432748536
140 8.212852593061118e-05 0.02479505809763631 300 11.02941176470588
140 5.463782749527508e-05 0.024693077763264647 400 10.92896174863388
140 3.433974309941501e-05 0.02233527516532303 500 10.822510822510822
140 4.6503652422770206e-05 0.021926852040488224 600 10.452961672473867
140 4.315855901218296e-05 0.021401756018340597 700 10.606060606060606
140 3.755030000924116e-05 0.021370920287008696 800 10.767160161507404
150 0.00019510817435484693 0.03281203375754799 100 10.204081632653061
150 0.00014096743387791312 0.028722863185306865 200 11.627906976744187
150 9.695695955334542e-05 0.026539850212653832 300 10.909090909090908
150 5.965537784619472e-05 0.0267822783285122 400 10.840108401084011
150 3.863745620858741e-05 0.023717727976859837 500 10.775862068965516
150 4.850192520303931e-05 0.023385467752961506 600 10.398613518197573
150 4.3241384965318203e-05 0.022794090965708603 700 10.638297872340425
150 4.054454058244457e-05 0.022832774848447333 800 10.75268817204301
160 0.00020281531902004643 0.03653995850087579 100 10.309278350515463
160 0.00015969565462727292 0.028483287149668093 200 11.560693641618496
160 8.84745449567992e-05 0.02658241693375183 300 10.869565217391305
160 5.8069611870906416e-05 0.026215477206808883 400 10.78167115902965
160 4.203823744935901e-05 0.02270042143876818 500 10.75268817204301
160 5.129314521027056e-05 0.022951766111329583 600 10.380622837370241
160 4.5611605888231894e-05 0.022630264508422482 700 10.670731707317072
160 4.1297051095559005e-05 0.022949572218823787 800 10.75268817204301
170 0.00022033544782808828 0.040752571159709115 100 10.638297872340425
170 0.0001788637557735709 0.03135826828514428 200 11.494252873563218
170 9.859157712310292e-05 0.029652543545470773 300 10.830324909747292
170 5.518791968043517e-05 0.02871248098325771 400 10.75268817204301
170 4.743782403883282e-05 0.02508984101950482 500 10.729613733905579
170 5.7871423409353154e-05 0.025013426903531366 600 10.380622837370241
170 5.1361615784762474e-05 0.024689297900784196 700 10.703363914373087
170 4.244955937706988e-05 0.025088678862720412 800 10.767160161507404
180 0.00021517476143892393 0.03758846897900446 100 10.989010989010989
180 0.00015130475778566633 0.028676617545159298 200 11.428571428571429
180 7.703409759785656e-05 0.02571626418296576 300 10.869565217391305
180 4.361656639819707e-05 0.024257834650794324 400 10.75268817204301
180 4.088824254058357e-05 0.02132545938609247 500 10.683760683760683
180 5.146574175324189e-05 0.021274229044401308 600 10.398613518197573
180 4.603709678318724e-05 0.021511528532598953 700 10.736196319018404
180 3.656461563652341e-05 0.021781115889751564 800 10.767160161507404
190 0.00020274267160541633 0.03267915362647128 100 11.494252873563218
190 0.00012763033973169029 0.025449911040388393 200 11.494252873563218
190 6.536896487428509e-05 0.022044645369639113 300 10.909090909090908
190 3.633599721250638e-05 0.02073536882167026 400 10.81081081081081
190 3.203480303697987e-05 0.018073480627116403 500 10.638297872340425
190 4.696187161902392e-05 0.018470409969045535 600 10.434782608695652
190 4.096629891034541e-05 0.01855750669938673 700 10.785824345146379
190 3.321236504886527e-05 0.019139760208102336 800 10.75268817204301
200 0.00018522670876248458 0.028635771677801646 100 12.19512195121951
200 0.00011234650230229044 0.022654974908922848 200 11.560693641618496
200 5.382927796020055e-05 0.01885442911292804 300 11.02941176470588
200 2.6316455441911462e-05 0.018017453353225188 400 10.869565217391303
200 3.2199353154566965e-05 0.015495873297585975 500 10.638297872340425
200 4.0492829626295754e-05 0.016164126006314068 600 10.507880910683012
200 3.8214702525294425e-05 0.016189544508391465 700 10.819165378670787
200 3.052228054068522e-05 0.016809885359945216 800 10.72386058981233
210 0.00016668992638352187 0.026525059381728153 100 12.82051282051282
210 0.00010857662547133844 0.0207544969802298 200 11.695906432748536
210 5.323878224203032e-05 0.0175136902737764 300 11.11111111111111
210 1.9425997043021574e-05 0.016401787340337582 400 10.92896174863388
210 3.2598015396085653e-05 0.01476141775427996 500 10.615711252653927
210 3.837905310285571e-05 0.015239910368767467 600 10.56338028169014
210 3.748905493381268e-05 0.015216723409385097 700 10.852713178294573
210 3.1302124000303e-05 0.01576197651496633 800 10.7095046854083
220 0.00018042540462329115 0.024015775257227062 100 13.333333333333334
220 0.00010484391735701866 0.019470245185733145 200 11.695906432748536
220 5.7198758171694714e-05 0.017290815222018273 300 11.194029850746269
220 2.506762731943031e-05 0.016011557927820608 400 10.989010989010989
220 3.69820870434267e-05 0.01497331228057911 500 10.59322033898305
220 3.8936757295427106e-05 0.015394248934753945 600 10.619469026548673
220 3.788034419046658e-05 0.015547967680667681 700 10.852713178294573
220 3.686890654958363e-05 0.01601654632716837 800 10.666666666666666
230 0.00015495388872054168 0.020322350625912165 100 13.6986301369863
230 7.633038016147477e-05 0.014528355898057515 200 11.560693641618496
230 4.5062231871391374e-05 0.013650607150054608 300 11.194029850746269
230 2.0658051385427862e-05 0.012081163410349774 400 10.989010989010989
230 3.478911853927449e-05 0.011792076425208726 500 10.548523206751053
230 3.5369314290627215e-05 0.012213186532673947 600 10.657193605683835
230 3.411548222706486e-05 0.012885975206897502 700 10.852713178294573
230 3.276431167704075e-05 0.012696959744533918 800 10.58201058201058
240 0.00012088926257264633 0.019469968094766376 100 13.513513513513512
240 5.6154782721078244e-05 0.0105151682090923 200 11.428571428571429
240 2.5331597682085927e-05 0.010576753167363461 300 11.152416356877323
240 1.5424763982763076e-05 0.009266751629495406 400 10.95890410958904
240 2.739304790251343e-05 0.00952331731565933 500 10.460251046025103
240 2.6571097969991982e-05 0.010132645570818994 600 10.676156583629894
240 2.6039428021683054e-05 0.010425225648183788 700 10.835913312693497
240 3.057707026397357e-05 0.009535378370848984 800 10.498687664041995
250 0.00012413189905158753 0.012179608549910754 100 13.157894736842104
250 4.5413951538121036e-05 0.005391043537081499 200 11.173184357541897
250 1.929327779920256e-05 0.007170784734154078 300 10.989010989010989
250 1.5020563350787103e-05 0.006130517159476612 400 10.869565217391303
250 2.229925944993922e-05 0.006829626333518459 500 10.395010395010395
250 2.1308128683466853e-05 0.007387835943763585 600 10.695187165775401
250 2.17943177088899e-05 0.007480906213171624 700 10.819165378670787
250 2.801176087978995e-05 0.006372533967969865 800 10.430247718383312
260 0.00015822871421890933 0.007481368377909514 100 12.5
260 4.4315406530173327e-05 0.005272783309046267 200 10.92896174863388
260 1.2295076441167983e-05 0.006981868565884995 300 10.79136690647482
260 1.2353745868120415e-05 0.006317080594765406 400 10.75268817204301
260 2.6000525597345955e-05 0.0069689088238236736 500 10.309278350515465
260 2.4453611531021485e-05 0.007610784216101555 600 10.676156583629894
260 1.890773344537135e-05 0.007552030792305202 700 10.76923076923077
260 2.7508484464061517e-05 0.005613069081552409 800 10.376134889753565
270 0.00011438052529482295 0.006029127515636393 100 11.627906976744187
270 4.045549844186483e-05 0.0059162406783845704 200 10.695187165775401
270 1.9445060991781884e-05 0.005734609983689695 300 10.600706713780918
270 5.957766176930354e-06 0.0056550171922680505 400 10.526315789473685
270 2.175935224994308e-05 0.005751411787376476 500 10.245901639344261
270 2.133154917347275e-05 0.0059103684016138195 600 10.657193605683835
270 1.7537052756882255e-05 0.005362964774453514 700 10.703363914373087
270 2.5703124588181827e-05 0.0034327283855737 800 10.309278350515463
280 7.694124670745332e-05 0.0035085881319115286 100 10.869565217391303
280 2.0401118707367246e-05 0.006105324732597379 200 10.471204188481675
280 2.4889355448707274e-05 0.0053213204187855445 300 10.452961672473867
280 9.015943824863788e-06 0.00469610648735686 400 10.282776349614394
280 1.65545793366344e-05 0.004890295008137185 500 10.183299389002036
280 1.8531836392962822e-05 0.004502596763754198 600 10.600706713780918
280 1.5705543502785064e-05 0.003812980054146923 700 10.542168674698795
280 2.171146069205415e-05 0.002794701883606725 800 10.243277848911651
290 6.032757779175159e-05 0.004677392832911617 100 10.416666666666664
290 1.366249303707815e-05 0.0076570375977525855 200 10.309278350515463
290 2.9567770928755973e-05 0.006290885143384861 300 10.344827586206897
290 7.1386692179820944e-06 0.005629953723745585 400 10.1010101010101
290 1.383849684921273e-05 0.0056830581271752586 500 10.16260162601626
290 1.3626562980764134e-05 0.005134929319170369 600 10.526315789473685
290 1.4850643481551e-05 0.004127327564168556 700 10.385756676557863
290 1.7316545227465208e-05 0.003048717649797063 800 10.19108280254777
300 1.3848672075299025e-05 0.008311204157743899 100 9.9009900990099
300 1.8151840627404552e-05 0.008145108283009248 200 10.204081632653061
300 2.583460654437173e-05 0.0056476354558174634 300 10.273972602739725
300 1.4317311171766116e-05 0.004952066546875095 400 9.950248756218905
300 1.3107965678706426e-05 0.005487038574896398 500 10.16260162601626
300 1.6945121018838588e-05 0.005569087129725967 600 10.471204188481675
300 1.769595974056177e-05 0.004360061072967097 700 10.248901903367496
300 1.782572386339773e-05 0.003318116188258625 800 10.139416983523446
310 1.7112420676600096e-05 0.01088421579905855 100 9.70873786407767
310 2.3033190491359175e-05 0.008315478337718878 200 10.15228426395939
310 2.97973487745759e-05 0.004817405537797965 300 10.238907849829351
310 1.7516593188730655e-05 0.004117260085075351 400 9.876543209876543
310 1.0494290993261505e-05 0.00485017148565978 500 10.204081632653061
310 1.658158864654489e-05 0.004869162864323532 600 10.452961672473867
310 2.1045380565761314e-05 0.003340725042859116 700 10.15965166908563
310 8.555958997237966e-06 0.0033234751351521076 800 10.050251256281406
320 5.4593411467539834e-05 0.011951118980548932 100 9.615384615384615
320 2.6800436441500142e-05 0.00688552410136743 200 10.1010101010101
320 3.4676508286341596e-05 0.0031490617969232655 300 10.238907849829351
320 1.7215183362196893e-05 0.002836723921924308 400 9.828009828009828
320 8.129704285291454e-06 0.004146032454771456 500 10.245901639344261
320 2.3775711362654463e-05 0.004242726469413557 600 10.452961672473867
320 2.1400821663143637e-05 0.002795840743771038 700 10.115606936416185
320 6.810806494428193e-06 0.0036110850892244733 800 9.9626400996264
330 5.280474120396624e-05 0.01233309697280423 100 9.523809523809524
330 4.518456887896116e-05 0.004954974817738734 200 10.050251256281406
330 4.7414757177589566e-05 0.0021639050554119865 300 10.238907849829351
330 1.4058150715628246e-05 0.0025114934564220946 400 9.852216748768473
330 8.421457944720042e-06 0.002176092395688225 500 10.309278350515465
330 2.6070737624384732e-05 0.0014420870171346148 600 10.489510489510488
330 1.5813980317764752e-05 0.0020896355470043705 700 10.115606936416185
330 7.877470761608448e-06 0.0043018236316800405 800 9.925558312655086
340 6.502437641836204e-05 0.01443086615864396 100 9.615384615384615
340 6.549761470515454e-05 0.004928807642845982 200 10.0
340 5.118884500391813e-05 0.002494447773410494 300 10.238907849829351
340 1.2273050533088987e-05 0.003059515627432097 400 9.852216748768473
340 1.2345135217318707e-05 0.002287710046776069 500 10.373443983402488
340 2.5130017978284495e-05 0.0011276738528151224 600 10.507880910683012
340 1.6461860411070507e-05 0.002158876176965294 700 10.115606936416185
340 8.501512903983825e-06 0.00470031616874104 800 9.913258983890954
350 8.029678600171215e-05 0.016921495724397332 100 9.70873786407767
350 6.662647715708723e-05 0.005462836087481727 200 10.050251256281406
350 4.1422188500287174e-05 0.002685075043497842 300 10.204081632653061
350 8.429508792016551e-06 0.0034647679662281033 400 9.9009900990099
350 1.2092681953025678e-05 0.0024176074578792744 500 10.4384133611691
350 2.4663498457328216e-05 0.001022009221692881 600 10.526315789473685
350 1.3704089447809658e-05 0.0023425434859663855 700 10.130246020260492
350 7.66397039022122e-06 0.0048657563113534 800 9.925558312655086
360 7.461803110997627e-05 0.016886395955564425 100 9.80392156862745
360 6.404722189132699e-05 0.00642847962990808 200 10.1010101010101
360 4.1680178442782e-05 0.004428616661991157 300 10.135135135135135
360 7.136470826982339e-06 0.004564711481906432 400 9.950248756218905
360 1.183168252051822e-05 0.0033685521498490302 500 10.482180293501047
360 2.235705604407262e-05 0.0017247816923431883 600 10.507880910683012
360 1.5267459406657005e-05 0.0027303561511145763 700 10.130246020260492
360 1.0690075953514094e-05 0.005118821930837244 800 9.937888198757763
370 6.942705853249871e-05 0.014145805267919507 100 9.9009900990099
370 6.53660311071228e-05 0.0052630851878544115 200 10.15228426395939
370 3.54640160495847e-05 0.0034359305331192963 300 10.03344481605351
370 3.509991692536761e-06 0.003996248281915482 400 10.0
370 1.0117176677706643e-05 0.003740937144765417 500 10.526315789473685
370 1.602887412181659e-05 0.0023917906268198243 600 10.452961672473867
370 1.6100968437725397e-05 0.0027411477020493685 700 10.130246020260492
370 1.0813177565182403e-05 0.0052843072383731435 800 9.950248756218905
380 5.879395030138228e-05 0.011878349206345888 100 10.0
380 7.02667900848002e-05 0.004399976155019506 200 10.204081632653061
380 3.0950418054666385e-05 0.003900819654317488 300 9.966777408637872
380 3.2370588795902552e-06 0.003992034112063236 400 10.050251256281406
380 1.3194077054337394e-05 0.0035968759526498494 500 10.526315789473685
380 9.441432851760931e-06 0.0023382602121488705 600 10.380622837370241
380 1.240929899480982e-05 0.0030196749933604503 700 10.144927536231885
380 1.0075640156253923e-05 0.005708423748181219 800 9.9626400996264
390 4.9104138707451994e-05 0.009030408027161 100 10.204081632653061
390 5.492756996805972e-05 0.004172467616168763 200 10.309278350515463
390 3.667187201377032e-05 0.003890900510649764 300 9.933774834437084
390 8.30806562252074e-06 0.004825669296060841 400 10.1010101010101
390 1.4540469282932363e-05 0.004808153190274703 500 10.526315789473685
390 1.5420122278325386e-05 0.0038746563984920846 600 10.344827586206897
390 1.5483314581746744e-05 0.0035427893993245684 700 10.144927536231885
390 1.1208505802946546e-05 0.0064138797648389916 800 9.975062344139651
400 2.6145828418171953e-05 0.007207988275618968 100 10.309278350515463
400 3.6691563677935076e-05 0.004243185391477006 200 10.362694300518134
400 2.4076141077401105e-05 0.0045952568111875935 300 9.900990099009901
400 1.6547306293228203e-05 0.005687074398508902 400 10.204081632653061
400 2.131733670576305e-05 0.0059096245418281765 500 10.548523206751053
400 1.9542946420217658e-05 0.005015922610956903 600 10.273972602739725
400 1.9219495743547457e-05 0.0042985882990643825 700 10.144927536231885
400 1.0541197774957067e-05 0.007522962045221274 800 10.0
410 3.807520277851158e-05 0.0067800875380972896 100 10.416666666666664
410 4.5034905913640425e-05 0.003980912265849144 200 10.471204188481675
410 2.522504933309029e-05 0.004915127240000221 300 9.900990099009901
410 1.2088995958205639e-05 0.005819356490740624 400 10.282776349614394
410 1.938264591474397e-05 0.005556706115317435 500 10.570824524312895
410 2.2701361817217583e-05 0.004523248103613135 600 10.221465076660987
410 1.1590019470348803e-05 0.004748712118729349 700 10.101010101010102
410 1.1890600553424901e-05 0.007739463359327217 800 10.025062656641603
420 5.6237416540851294e-05 0.005164835530320909 100 10.526315789473685
420 5.8977006436287126e-05 0.004042410691522297 200 10.471204188481675
420 1.952366598514103e-05 0.005515288729458032 300 9.868421052631579
420 1.0300086346695074e-05 0.005619806803587702 400 10.362694300518134
420 2.4127615305228374e-05 0.004789744477509061 500 10.615711252653927
420 2.155775838605112e-05 0.004461911644673909 600 10.186757215619693
420 6.510025204104938e-06 0.005560729130562005 700 10.014306151645206
420 9.224556207715177e-06 0.008245923300788011 800 10.062893081761006
430 3.526298067844747e-05 0.005758332644848565 100 10.416666666666664
430 5.1513450612611955e-05 0.0032328532965581395 200 10.526315789473685
430 1.1954944496313936e-05 0.00541072393786699 300 9.868421052631579
430 1.2551778034190311e-05 0.005785108718772303 400 10.443864229765012
430 2.5625570310694418e-05 0.00503908180721449 500 10.638297872340425
430 2.3681801451336085e-05 0.004492933142516264 600 10.186757215619693
430 1.05676735063707e-05 0.005952394270857847 700 9.97150997150997
430 1.1336739939894092e-05 0.008571444928906807 800 10.088272383354349
440 6.422105930897854e-05 0.004656120205750625 100 10.309278350515463
440 4.7477962696548286e-05 0.0029595619386249094 200 10.526315789473685
440 1.5290169091699106e-05 0.005863943828603918 300 9.900990099009901
440 1.643117152600309e-05 0.006159090283111322 400 10.526315789473685
440 2.6301799134788932e-05 0.005188893740318944 500 10.683760683760683
440 2.3157540698995328e-05 0.004643118853924041 600 10.186757215619693
440 1.1372286139349528e-05 0.0068065969121479004 700 9.943181818181817
440 1.1253178212675703e-05 0.008935900624041777 800 10.126582278481013
450 6.430712796433763e-05 0.007511386630455502 100 10.309278350515463
450 3.514309094398496e-05 0.0047882528513288085 200 10.416666666666664
450 2.4299434762818563e-05 0.006692516686860997 300 9.933774834437084
450 2.1675355655468304e-05 0.0076027672774878815 400 10.58201058201058
450 2.365580143191624e-05 0.006648169708658709 500 10.683760683760683
450 2.996129743820448e-05 0.005198874127491135 600 10.186757215619693
450 1.299857488276727e-05 0.007681513832003206 700 9.943181818181817
450 1.1645343767939289e-05 0.009894942343125192 800 10.15228426395939
460 5.848363888438849e-05 0.008174724247468275 100 10.309278350515463
460 4.157069040414327e-05 0.005541003716070553 200 10.256410256410257
460 2.9564776126486393e-05 0.00749820614282945 300 9.933774834437084
460 2.2914100880713604e-05 0.008152965686365945 400 10.638297872340425
460 2.39593769762409e-05 0.007262221432872774 500 10.638297872340425
460 3.0082854722884836e-05 0.005622462081626655 600 10.169491525423728
460 1.3440364199695523e-05 0.008284399252341444 700 9.943181818181817
460 1.1231172721184406e-05 0.010360309433466887 800 10.178117048346055
470 6.236150569093725e-05 0.009596447116220451 100 10.309278350515463
470 2.8372153392313593e-05 0.005947267320191687 200 10.050251256281406
470 2.735392724078891e-05 0.007803153698561616 300 9.966777408637872
470 2.6941989205393933e-05 0.007984855689294414 400 10.638297872340425
470 2.211258863142334e-05 0.007354791256837722 500 10.526315789473685
470 3.0102306542813788e-05 0.005800179860810933 600 10.152284263959391
470 1.5279892990471442e-05 0.008489480842976389 700 9.929078014184396
470 1.4639391043218483e-05 0.010944131850395175 800 10.204081632653061
480 6.763534967398288e-05 0.00785792261028552 100 10.309278350515463
480 3.021214115489829e-05 0.006871680936022424 200 9.852216748768473
480 2.4999497414316976e-05 0.007849266946783012 300 10.0
480 2.5973583136216852e-05 0.00793378827015174 400 10.610079575596815
480 2.173066626563734e-05 0.007328072847670853 500 10.416666666666666
480 2.4825458747740492e-05 0.006025446222819544 600 10.135135135135135
480 1.2599094446720841e-05 0.008884085069738135 700 9.929078014184396
480 1.572824047201667e-05 0.011550058419995641 800 10.243277848911651
490 6.524700687783854e-05 0.0067889026052293435 100 10.204081632653061
490 3.0109313469210403e-05 0.006762890854611188 200 9.70873786407767
490 2.388990217676605e-05 0.007250029330127098 300 10.06711409395973
490 2.6696342497939613e-05 0.0070521314174990845 400 10.58201058201058
490 2.9191207082540384e-05 0.006793001424737003 500 10.309278350515465
490 2.6002931251042672e-05 0.005850787222534887 600 10.1010101010101
490 1.263921030905547e-05 0.009243614504379953 700 9.929078014184396
490 1.6554042227897985e-05 0.011815072117701133 800 10.269576379974325
500 6.648069843669589e-05 0.006295617823441163 100 10.309278350515463
500 2.61820191065704e-05 0.006521925909357826 200 9.615384615384615
500 2.8494535503572667e-05 0.00718977523792637 300 10.135135135135135
500 2.5236197235769655e-05 0.0067681912929913515 400 10.58201058201058
500 2.9807455319717145e-05 0.006197535132569084 500 10.183299389002036
500 2.1269843814324518e-05 0.006292905942323073 600 10.050251256281406
500 1.4625089695639814e-05 0.009802944229284643 700 9.943181818181817
500 1.7062501416857677e-05 0.012238145543501526 800 10.309278350515463
510 5.509642520291758e-05 0.004090554636330473 100 10.309278350515463
510 4.314862732114745e-05 0.006136684547915564 200 9.523809523809524
510 2.9240074209166638e-05 0.00812311602412312 300 10.204081632653061
510 3.2995312852671956e-05 0.007942376672014972 400 10.58201058201058
510 3.737944770096703e-05 0.007006258333263741 500 10.1010101010101
510 1.2532208813010467e-05 0.007638790364995079 600 9.950248756218905
510 1.6593753834071468e-05 0.010723953893895525 700 9.97150997150997
510 1.529008235546733e-05 0.01311185028846066 800 10.335917312661499
520 6.949194056587757e-05 0.0024350098191414883 100 10.416666666666664
520 2.9167397627913157e-05 0.005783166747223838 200 9.523809523809524
520 2.3947381893262876e-05 0.007121589138583955 300 10.344827586206897
520 3.241125949710357e-05 0.0067942181331250885 400 10.638297872340425
520 3.613582815062139e-05 0.006168217123421982 500 10.1010101010101
520 1.4084146031635698e-05 0.007523396415360281 600 9.884678747940692
520 1.563510500298801e-05 0.010552796507460686 700 10.0
520 1.4152045714172401e-05 0.01268964838718854 800 10.38961038961039
530 7.638738820578178e-05 0.002843663449932811 100 10.526315789473685
530 4.440723879335839e-05 0.006143383917439533 200 9.56937799043062
530 3.524522334576922e-05 0.007400557012226374 300 10.452961672473867
530 3.5748924650055556e-05 0.007013944631885478 400 10.695187165775401
530 3.435946209627024e-05 0.006482217015366865 500 10.12145748987854
530 1.736171479996645e-05 0.008572657587250863 600 9.852216748768472
530 1.538660491466354e-05 0.011088202070390907 700 10.043041606886657
530 1.3562982848406218e-05 0.013010118523294607 800 10.443864229765012
540 7.253861306108508e-05 0.002624357085726113 100 10.526315789473685
540 6.235874698478182e-05 0.00641465546252605 200 9.661835748792269
540 4.795948365755296e-05 0.009092051308011773 300 10.56338028169014
540 3.8885034753286496e-05 0.009187685817258678 400 10.75268817204301
540 4.2657609263954515e-05 0.0076724417350599915 500 10.12145748987854
540 2.0668606754471898e-05 0.00991382492319495 600 9.852216748768472
540 1.5763183867222583e-05 0.012187684258361354 700 10.086455331412102
540 1.261546391321742e-05 0.013998924468304454 800 10.484927916120578
550 4.595707661781719e-05 0.004409886917024641 100 10.309278350515463
550 7.017224849097766e-05 0.007975070313633134 200 9.70873786407767
550 5.095836986211509e-05 0.010640123382467236 300 10.676156583629894
550 3.75223859120572e-05 0.010377523021123764 400 10.75268817204301
550 4.6990471879128554e-05 0.008093967919278869 500 10.12145748987854
550 2.2242334091133513e-05 0.010688968064200503 600 9.868421052631579
550 1.7316253924667868e-05 0.012935882703382053 700 10.130246020260492
550 1.5795535361913018e-05 0.014635882027826664 800 10.526315789473685
560 4.387000193246226e-05 0.0038816272913275713 100 9.80392156862745
560 7.04333543417665e-05 0.008233577824676068 200 9.70873786407767
560 4.9773171885372146e-05 0.009944315552480876 300 10.714285714285714
560 3.650745883612117e-05 0.01007864917651559 400 10.638297872340425
560 4.69261560426049e-05 0.00770743326717917 500 10.1010101010101
560 2.3641947747827645e-05 0.010982344846701356 600 9.852216748768472
560 1.6536576958948898e-05 0.013346318595282616 700 10.15965166908563
560 1.6077999967389493e-05 0.014827709178719428 800 10.554089709762533
570 7.559917335238638e-05 0.0038943153674016466 100 9.523809523809524
570 7.056209873891889e-05 0.008650124652672559 200 9.75609756097561
570 6.22434317779221e-05 0.009869823447740773 300 10.676156583629894
570 4.089580935070072e-05 0.010588083180326367 400 10.498687664041995
570 4.417756932041945e-05 0.008495163727580727 500 10.080645161290322
570 2.4884694594071473e-05 0.011612606494465973 600 9.852216748768472
570 2.111193899563468e-05 0.014390306810944088 700 10.189228529839884
570 1.510294066053159e-05 0.015245364840171144 800 10.596026490066226
580 6.988829207637496e-05 0.007057960851359149 100 9.25925925925926
580 6.891623619581333e-05 0.010159443085191724 200 9.852216748768473
580 5.265344781991679e-05 0.01105289293979431 300 10.676156583629894
580 4.673913568923107e-05 0.0113175162658135 400 10.362694300518134
580 4.260926513540656e-05 0.009045740401244317 500 10.060362173038229
580 2.283145570755942e-05 0.012274418397868317 600 9.852216748768472
580 2.077953667237107e-05 0.015230832041755394 700 10.23391812865497
580 1.5181830042152362e-05 0.01553689258352966 800 10.624169986719789
590 9.474206683604917e-05 0.0077355088140394325 100 9.009009009009008
590 6.517683062593843e-05 0.010188989777945303 200 9.950248756218905
590 5.230786317282575e-05 0.010928650057609353 300 10.638297872340425
590 4.846065045701209e-05 0.010589910044845361 400 10.204081632653061
590 4.133629046602898e-05 0.008688908676065607 500 10.020040080160319
590 2.0300058007898295e-05 0.012508909331941799 600 9.852216748768472
590 2.054926438266333e-05 0.0151821165784264 700 10.263929618768328
590 1.3766181856893663e-05 0.014999834568534775 800 10.652463382157123
600 0.00011469467256601075 0.010381352003819701 100 8.849557522123893
600 6.898184824385463e-05 0.01201509027369493 200 10.050251256281406
600 4.5600553262612757e-05 0.012145860223991483 300 10.600706713780918
600 5.6132274447236215e-05 0.01070424813139405 400 10.075566750629722
600 3.117883427120796e-05 0.010047342969583718 500 9.92063492063492
600 2.4585165507825157e-05 0.013571518376770134 600 9.868421052631579
600 2.3589576891438005e-05 0.01618614196238037 700 10.294117647058824
600 1.7079543160038794e-05 0.01592061373560713 800 10.695187165775401
610 0.00010609823016867019 0.011203446149686744 100 8.695652173913043
610 6.735056695772062e-05 0.01324632332692449 200 10.15228426395939
610 4.615674722547376e-05 0.012492398834679341 300 10.638297872340425
610 6.082255274697291e-05 0.010521078566493593 400 10.0
610 2.794264797947756e-05 0.010914470890712792 500 9.803921568627452
610 2.676949774055317e-05 0.014448821846263265 600 9.900990099009901
610 2.3864319740509237e-05 0.016984805922047562 700 10.3397341211226
610 2.1631863595965816e-05 0.01672249885380772 800 10.72386058981233
620 0.00011250343691594249 0.013414159525725918 100 8.695652173913043
620 6.47460437160246e-05 0.014149308371339429 200 10.309278350515463
620 4.122942115539892e-05 0.012643956302778567 300 10.676156583629894
620 5.815057897984447e-05 0.010105580089587285 400 10.0
620 3.390814992240339e-05 0.011311830487737437 500 9.727626459143968
620 2.7630521838680762e-05 0.014694378026317742 600 9.933774834437084
620 2.5429700174553875e-05 0.01700274216528986 700 10.385756676557863
620 2.1316998727480746e-05 0.017011124938991377 800 10.767160161507404
630 0.00011351118627562327 0.014763390355790211 100 8.771929824561402
630 6.55487820486761e-05 0.014387769705486452 200 10.471204188481675
630 3.6197709006567384e-05 0.012181877687162257 300 10.75268817204301
630 5.576644687210334e-05 0.00946915581786259 400 10.0
630 3.353869857241755e-05 0.01202301103545897 500 9.70873786407767
630 2.739065474966375e-05 0.014848394663489585 600 9.983361064891847
630 2.503005669014009e-05 0.017044464084326576 700 10.447761194029852
630 2.0675243382075352e-05 0.017086738993577554 800 10.81081081081081
640 0.00012128531689689219 0.012555239941933093 100 8.928571428571427
640 6.453898972841901e-05 0.01316854610091036 200 10.638297872340425
640 3.1857476935934306e-05 0.011062626180090658 300 10.830324909747292
640 5.7751538600389945e-05 0.0085282289825522 400 10.025062656641603
640 3.121526197080696e-05 0.012307178910820078 500 9.727626459143968
640 2.5627668665917304e-05 0.015038064456475543 600 10.03344481605351
640 2.312915625666037e-05 0.016977739646973005 700 10.494752623688155
640 2.0030265496526676e-05 0.01683521265046491 800 10.869565217391303
650 0.0001259913564574892 0.013097852819450684 100 9.174311926605505
650 6.664708581353186e-05 0.013561041494542337 200 10.869565217391303
650 3.959373234884269e-05 0.011593573200127261 300 10.869565217391305
650 5.781332567949367e-05 0.009156366373217812 400 10.075566750629722
650 2.9348295318110113e-05 0.013086688958306204 500 9.765625
650 2.4900646558176124e-05 0.015500728930051274 600 10.1010101010101
650 2.262916705513025e-05 0.017153760349022454 700 10.574018126888218
650 1.836328819517729e-05 0.01704211354566456 800 10.92896174863388
660 0.00013522760306814119 0.012322992505662498 100 9.433962264150942
660 7.29227369367938e-05 0.012292344228201944 200 11.11111111111111
660 4.6109239510294615e-05 0.01115187434197343 300 10.869565217391305
660 5.7301432511684344e-05 0.009171797254634415 400 10.126582278481013
660 3.1184471601094715e-05 0.013340287177479112 500 9.823182711198427
660 2.460137639368483e-05 0.01571397994651552 600 10.186757215619693
660 2.28210639224375e-05 0.017197918665946568 700 10.638297872340425
660 1.6872141235903327e-05 0.017324757953296178 800 11.004126547455295
670 0.0001104589854133076 0.010237423569155898 100 9.80392156862745
670 6.877399680615108e-05 0.009677402101964591 200 11.299435028248588
670 4.04515877588124e-05 0.009140976280879214 300 10.830324909747292
670 4.807113208370428e-05 0.007982566698357852 400 10.178117048346055
670 2.9777628258566166e-05 0.012136982917215475 500 9.881422924901186
670 2.466820565636162e-05 0.014961270304063875 600 10.256410256410257
670 2.0379537303233043e-05 0.015928668713403524 700 10.719754977029098
670 1.6022672314396602e-05 0.01648366223549605 800 11.065006915629322
680 9.665536580924902e-05 0.008420544983408535 100 10.1010101010101
680 6.039565529928075e-05 0.00831176470859349 200 11.363636363636363
680 4.0742596999064087e-05 0.008110049670995566 300 10.79136690647482
680 4.2564052245859285e-05 0.00771628643647446 400 10.230179028132993
680 2.6961761665002023e-05 0.012000116043373754 500 9.92063492063492
680 2.8918406935454192e-05 0.014968335099427682 600 10.344827586206897
680 2.0577187586678748e-05 0.015572008322442458 700 10.785824345146379
680 1.688192496462474e-05 0.016229882735842166 800 11.142061281337048
690 0.00011585147819134187 0.00847818937481708 100 10.526315789473685
690 6.0904745867993465e-05 0.009011682024026989 200 11.494252873563218
690 5.403599670222624e-05 0.008804205585272774 300 10.714285714285714
690 4.5076342121607235e-05 0.008724188923030047 400 10.256410256410257
690 3.3253503601204305e-05 0.013265726912857623 500 9.9601593625498
690 3.370945332536163e-05 0.016405707666036096 600 10.416666666666666
690 2.4812954915717333e-05 0.016722809977511778 700 10.852713178294573
690 1.919152490488427e-05 0.017334249989667577 800 11.204481792717086
700 7.660438514935355e-05 0.006962587500798336 100 10.869565217391303
700 4.174986662300771e-05 0.006731809794844922 200 11.560693641618496
700 4.8191105963026764e-05 0.005766358086057256 300 10.600706713780918
700 3.9242232500382257e-05 0.0070005367783431945 400 10.282776349614394
700 2.8053882491015326e-05 0.011936197218325645 500 10.020040080160319
700 3.018575912601893e-05 0.015076106716650106 600 10.489510489510488
700 2.2081763059726155e-05 0.01494279822166988 700 10.920436817472698
700 1.867777167913875e-05 0.015898295523143473 800 11.267605633802816
710 7.783351055317034e-05 0.006072010851581109 100 11.363636363636363
710 3.141655196522803e-05 0.0057097315559973775 200 11.695906432748536
710 4.6955241881549946e-05 0.004450648907161597 300 10.526315789473685
710 3.042459982323813e-05 0.007292744309600184 400 10.230179028132993
710 2.8685119851569035e-05 0.011501401136925892 500 10.080645161290322
710 2.9990112865956015e-05 0.014458708706067783 600 10.56338028169014
710 2.071806154785073e-05 0.01419800020224118 700 10.989010989010989
710 2.0805741444370742e-05 0.015339728393669453 800 11.331444759206798
720 5.3601714324222634e-05 0.006758705293110931 100 11.764705882352942
720 3.515641155817762e-05 0.005813600080320742 200 11.834319526627217
720 4.656408187566532e-05 0.003973406150015384 300 10.489510489510488
720 2.3063498373373775e-05 0.0077272211685097455 400 10.126582278481013
720 2.825724258913394e-05 0.011500949797991376 500 10.12145748987854
720 2.7686636394212815e-05 0.01428307761803449 600 10.619469026548673
720 2.2886292036368294e-05 0.01378666074474862 700 11.041009463722396
720 2.0846732788199667e-05 0.014984191126222695 800 11.396011396011396
730 2.835334926928825e-05 0.0076817578984268485 100 12.19512195121951
730 5.096128826368975e-05 0.006189661603018619 200 11.904761904761905
730 4.416151991147103e-05 0.0030194972417958376 300 10.452961672473867
730 2.5961820317552507e-05 0.007434022261524908 400 10.0
730 2.3721236328754013e-05 0.010755311133351672 500 10.183299389002036
730 2.2498088734319826e-05 0.01334598001715634 600 10.695187165775401
730 2.247830667032363e-05 0.013061165837353282 700 11.09350237717908
730 2.094168138920572e-05 0.014269621182020728 800 11.444921316165951
740 2.723601097938754e-05 0.008263483604219288 100 12.658227848101266
740 5.5805750461822865e-05 0.007036955343335551 200 11.976047904191617
740 3.964436414055138e-05 0.0026429207933136452 300 10.416666666666666
740 2.2713076249927854e-05 0.0076669201050770285 400 9.950248756218905
740 2.3125005656765126e-05 0.010151369992563171 500 10.224948875255622
740 2.1812081508280967e-05 0.012559343865350937 600 10.73345259391771
740 2.2200253275449486e-05 0.012420319665766373 700 11.146496815286623
740 2.338251270047326e-05 0.013519380547745666 800 11.494252873563218
750 3.3494687678227284e-05 0.00992827327101778 100 12.987012987012987
750 5.742068193279537e-05 0.007506121077549996 200 11.976047904191617
750 4.1347399286926855e-05 0.0028448263631236236 300 10.416666666666666
750 2.302633063189041e-05 0.007717336485137826 400 9.925558312655086
750 2.6228599704167212e-05 0.010004736192113912 500 10.266940451745379
750 2.2745630138893844e-05 0.012136716002858235 600 10.79136690647482
750 2.0133496608058368e-05 0.011920595412729608 700 11.182108626198083
750 2.4402653102959217e-05 0.013567777059421426 800 11.544011544011545
760 2.939830989129151e-05 0.008879190621881373 100 13.157894736842104
760 5.629586047888555e-05 0.006092277838209151 200 11.834319526627217
760 3.7991127739076155e-05 0.003779925427672838 300 10.344827586206897
760 2.7464675034403503e-05 0.008574745782786202 400 9.9009900990099
760 2.9075196820210068e-05 0.010640030135887551 500 10.288065843621398
760 2.6078341411198784e-05 0.012614908456857038 600 10.830324909747292
760 2.5600413375973326e-05 0.012810490689840009 700 11.217948717948717
760 2.3726424465905868e-05 0.014823832141469316 800 11.577424023154846
770 4.214402131398639e-05 0.004860567228641806 100 12.987012987012987
770 4.929205401328647e-05 0.0033738229416803932 200 11.363636363636363
770 3.14552185733368e-05 0.0044542459960372534 300 10.273972602739725
770 2.4186586811775656e-05 0.009049462987642457 400 9.852216748768473
770 2.6798321818553495e-05 0.01132689913726419 500 10.330578512396693
770 2.2194689823729214e-05 0.012339136575861573 600 10.849909584086799
770 2.193112271137082e-05 0.012976424511286777 700 11.254019292604502
770 1.995591329326868e-05 0.014589803237808372 800 11.611030478955007
780 6.549435916209921e-05 0.002945473989403976 100 12.658227848101266
780 2.1266577853867315e-05 0.003823664332446379 200 10.92896174863388
780 2.6192551263873233e-05 0.005873093740502589 300 10.169491525423728
780 2.106838780726166e-05 0.010296387665014988 400 9.828009828009828
780 2.6225660329572428e-05 0.013169313294267385 500 10.351966873706003
780 1.981897678732592e-05 0.013084860687353008 600 10.869565217391305
780 1.8906985615167103e-05 0.013802584923831952 700 11.272141706924316
780 2.0706142766085803e-05 0.015434710392722489 800 11.627906976744187
790 7.774761592937944e-05 0.0055980041221333435 100 12.048192771084336
790 3.4887172096791584e-05 0.003628323974574919 200 10.416666666666664
790 2.7272353871662512e-05 0.0066688175798300725 300 10.03344481605351
790 2.420148786869655e-05 0.01064214473066385 400 9.779951100244498
790 2.913006598655859e-05 0.01349940939635759 500 10.373443983402488
790 2.1467198558850917e-05 0.01277622856618384 600 10.88929219600726
790 2.122208506670871e-05 0.013782077365428873 700 11.290322580645162
790 2.2595010816009183e-05 0.015775604597851448 800 11.644832605531295
800 0.00011068725895682147 0.006750965718290947 100 11.764705882352942
800 5.015830916698082e-05 0.00450703982599363 200 9.950248756218905
800 1.3698889836350735e-05 0.008668153217299737 300 9.74025974025974
800 2.5147346962074938e-05 0.011634663806474693 400 9.75609756097561
800 2.5564753976824488e-05 0.01404594513343337 500 10.373443983402488
800 1.7442100050128393e-05 0.012805670123539038 600 10.88929219600726
800 2.3462804439910643e-05 0.013860503315225228 700 11.308562197092083
800 2.1590069268305337e-05 0.015651970014425795 800 11.611030478955007
810 0.00012266151275043037 0.0067273235943313145 100 11.363636363636363
810 5.880179545535665e-05 0.006269179509396729 200 9.661835748792269
810 2.9751773886176306e-05 0.010935220951561336 300 9.404388714733543
810 2.635257131541121e-05 0.013163779748674602 400 9.732360097323602
810 2.5029759104224107e-05 0.015299284346350991 500 10.395010395010395
810 2.4561768358467286e-05 0.014287025743969013 600 10.88929219600726
810 2.416304389556585e-05 0.01529025292199981 700 11.308562197092083
810 2.3645535914114577e-05 0.016026645944872034 800 11.510791366906474
820 0.00010376534465043412 0.008648087413754984 100 11.11111111111111
820 6.332169426460675e-05 0.007220808345178562 200 9.47867298578199
820 3.9417606199770495e-05 0.012435569724183033 300 9.202453987730062
820 3.48890372283136e-05 0.01385216501499566 400 9.70873786407767
820 3.356115167579797e-05 0.015937968414719787 500 10.395010395010395
820 2.8856794026842496e-05 0.01519529061428614 600 10.909090909090908
820 3.297238261466762e-05 0.01630271682428586 700 11.326860841423947
820 2.5518707870221388e-05 0.016991656597674175 800 11.267605633802816
830 0.00010997464072100716 0.006089182976910951 100 10.75268817204301
830 5.6027930259274584e-05 0.009167542763307125 200 9.345794392523363
830 3.75724565325402e-05 0.01386455473739255 300 9.118541033434651
830 3.860055170553056e-05 0.014563344483203192 400 9.732360097323602
830 3.154740444095699e-05 0.01620596454140732 500 10.416666666666666
830 2.899565632099921e-05 0.015507600702353906 600 10.909090909090908
830 3.1155389167597354e-05 0.01723953164657816 700 11.345218800648297
830 2.9607716044091546e-05 0.016961694641221957 800 11.11111111111111
840 9.928870090370538e-05 0.005023539340350239 100 10.204081632653061
840 5.8774348381203575e-05 0.008795871315265227 200 9.25925925925926
840 4.0171528455223705e-05 0.013679201807294181 300 9.090909090909092
840 3.996952799585989e-05 0.015011689964819774 400 9.75609756097561
840 3.18291355429116e-05 0.01618535402252649 500 10.4384133611691
840 3.0149095536588584e-05 0.01616282755250291 600 10.94890510948905
840 2.982611988977335e-05 0.01776835304246532 700 11.382113821138212
840 3.791805378634101e-05 0.016413776478173294 800 11.03448275862069
850 3.046664096442127e-05 0.003771056359445217 100 9.70873786407767
850 3.826498945686242e-05 0.008522455309802193 200 9.216589861751151
850 4.1144816372425266e-05 0.01247800415363216 300 9.090909090909092
850 4.494537950176345e-05 0.014813366899021956 400 9.80392156862745
850 3.627977052365148e-05 0.01513015993812682 500 10.504201680672269
850 3.393879408519562e-05 0.015839528636345034 600 11.009174311926605
850 3.09791892183692e-05 0.017522972514252957 700 11.419249592169656
850 3.7112904628757096e-05 0.01611162834128738 800 10.973936899862824
860 5.402460208098757e-05 0.0026965985517947632 100 9.433962264150942
860 4.8063403075878505e-05 0.009717976449102758 200 9.216589861751151
860 4.6454213023138625e-05 0.014867046369556536 300 9.118541033434651
860 4.546878869140692e-05 0.017876467446538674 400 9.9009900990099
860 3.205900331250716e-05 0.01739965373877271 500 10.570824524312895
860 2.939189653913213e-05 0.01792267015837004 600 11.07011070110701
860 2.993861649708529e-05 0.01978766915972535 700 11.494252873563218
870 0.00010448607569936738 0.0073937073198127425 100 9.009009009009008
870 5.955832324054589e-05 0.012424420580381847 200 9.174311926605505
870 5.4418628242359604e-05 0.016896366750850267 300 9.146341463414632
870 5.4898721915584124e-05 0.0198266498462472 400 9.975062344139651
870 3.802989390200127e-05 0.018806972999237018 500 10.638297872340425
870 3.32350988833949e-05 0.019612312414589647 600 11.131725417439702
870 3.364765282701053e-05 0.021639420203762576 700 11.532125205930807
880 0.00016388601620887931 0.010926811915477124 100 8.620689655172413
880 7.197324190291043e-05 0.016787160290503377 200 9.009009009009008
880 6.625259104265164e-05 0.020551791107823486 300 9.174311926605505
880 6.0084971597391615e-05 0.023155429057878197 400 10.025062656641603
880 4.151842385660547e-05 0.021688879027196514 500 10.683760683760683
880 3.80535314951846e-05 0.022470869350122713 600 11.194029850746269
880 3.5872277090288626e-05 0.02437343176803849 700 11.570247933884298
890 0.00016771268244278068 0.015368825284147226 100 8.403361344537815
890 8.195217167960986e-05 0.01989047605896808 200 8.73362445414847
890 6.51653946928414e-05 0.02235665864854363 300 9.202453987730062
890 5.542151126998792e-05 0.02435116355438125 400 10.1010101010101
890 4.594846693177172e-05 0.02257180554722836 500 10.729613733905579
890 3.752531328632342e-05 0.023328117348947533 600 11.235955056179774
890 3.5696023772376495e-05 0.024370325984739875 700 11.570247933884298
900 0.00018369153708509378 0.018996159492548764 100 8.264462809917354
900 9.815164044747426e-05 0.023161638507632726 200 8.51063829787234
900 6.995912132473591e-05 0.02438819863884104 300 9.25925925925926
900 5.994843816542876e-05 0.02611061107968585 400 10.15228426395939
900 4.865289804950805e-05 0.024676841586993098 500 10.775862068965516
900 4.003692627837512e-05 0.025210426115774228 600 11.278195488721805
900 3.693099497667479e-05 0.025570618069843346 700 11.419249592169656
910 0.00019919121174668348 0.023331520369628937 100 8.130081300813007
910 9.723309376993775e-05 0.027383930543314672 200 8.403361344537815
910 6.925558171932856e-05 0.027004853060517416 300 9.287925696594426
910 5.4530229899557136e-05 0.028069656374203836 400 10.204081632653061
910 4.638475291858888e-05 0.026109221327308463 500 10.822510822510822
910 4.1968580909889015e-05 0.02667651108421827 600 11.320754716981131
910 3.1809988628147676e-05 0.026398046713754196 700 11.217948717948717
920 0.00020609407112723584 0.025756856058831552 100 8.130081300813007
920 9.253574430957466e-05 0.029709131224909088 200 8.403361344537815
920 7.156606072477074e-05 0.028643968665564633 300 9.345794392523365
920 5.492363486190242e-05 0.02914294254920857 400 10.256410256410257
920 4.4762285170814333e-05 0.027138019895454737 500 10.893246187363832
920 4.078034067552413e-05 0.02791544324334276 600 11.406844106463877
920 4.015421580305784e-05 0.02660722039311342 700 11.128775834658187
930 0.00022004018010020332 0.02796695575193336 100 8.264462809917354
930 9.966987120221846e-05 0.03162766491512345 200 8.47457627118644
930 6.882722069336615e-05 0.03004277975952149 300 9.46372239747634
930 5.44497439818377e-05 0.03001314120970967 400 10.38961038961039
930 4.38230544052032e-05 0.028243113361130598 500 10.989010989010989
930 3.953955588242865e-05 0.029002542184171407 600 11.494252873563218
930 4.8386089169665684e-05 0.02629358370872879 700 11.128775834658187
940 0.00020260702904096274 0.02675262724504793 100 8.403361344537815
940 9.507539582765572e-05 0.030084440806216216 200 8.583690987124463
940 7.097527922229125e-05 0.02949041768936825 300 9.615384615384615
940 5.2462171267380256e-05 0.028888802976838702 400 10.526315789473685
940 4.575256015773155e-05 0.027687312900675193 500 11.11111111111111
940 4.075582755536224e-05 0.028489666537506366 600 11.60541586073501
940 5.5962918669951414e-05 0.025201559904309258 700 11.146496815286623
950 0.00011671772623353224 0.020499579788652328 100 8.620689655172413
950 6.954587360616019e-05 0.023024069878620646 200 8.73362445414847
950 6.496751985026664e-05 0.023522666307753813 300 9.771986970684038
950 4.642391658527876e-05 0.022488742265475096 400 10.666666666666666
950 4.02813864644176e-05 0.02219976984765606 500 11.235955056179776
950 3.7044262239182416e-05 0.02321946283201083 600 11.71875
950 4.3415082297559016e-05 0.0205911625019331 700 11.146496815286623
960 7.154955813843231e-05 0.016361033709245906 100 8.849557522123893
960 5.475717293166709e-05 0.019360262199497283 200 8.849557522123893
960 5.425216577920228e-05 0.020955961731764217 300 9.933774834437084
960 3.769337870773967e-05 0.01922757187205322 400 10.78167115902965
960 3.3096329096051466e-05 0.019243117060306777 500 11.363636363636363
960 3.372708912503559e-05 0.02068603027015494 600 11.834319526627219
960 3.596496841914125e-05 0.018227150384972017 700 11.146496815286623
970 1.9050288513142097e-05 0.011378736268097975 100 9.009009009009008
970 7.004094155898211e-05 0.013659255050844992 200 8.968609865470851
970 5.689586736257902e-05 0.016828854538802864 300 10.1010101010101
970 4.265616418184167e-05 0.015318211779254727 400 10.92896174863388
970 3.790014735546152e-05 0.016232781289530263 500 11.494252873563218
970 3.640059502853317e-05 0.01883616732165869 600 11.952191235059761
980 1.5872048150208325e-05 0.011905014059735328 100 9.25925925925926
980 6.28486517957738e-05 0.014196998752630172 200 9.174311926605505
980 5.473417009585556e-05 0.01738325458323332 300 10.273972602739725
980 3.997987139155342e-05 0.014824653234736848 400 11.080332409972298
980 3.7678484511767276e-05 0.016148307095139935 500 11.627906976744185
980 3.6092787851638054e-05 0.018627876946011656 600 12.072434607645874
990 5.4607116191344206e-05 0.013594349455186863 100 9.345794392523363
990 6.0614706500467103e-05 0.013928685156075742 200 9.345794392523363
990 5.163317943548603e-05 0.016838289337416462 300 10.452961672473867
990 3.7982060965347886e-05 0.013902076626021354 400 11.235955056179774
990 4.0541322170341596e-05 0.015465547885189253 500 11.792452830188678
990 3.447688157044072e-05 0.017813033710571514 600 12.195121951219512
1000 0.0001267816181706859 0.009882855523892424 100 9.174311926605505
1000 7.346140604270367e-05 0.012850036727029977 200 9.523809523809524
1000 5.922555162600905e-05 0.01644058609127416 300 10.638297872340425
1000 4.1925394839091146e-05 0.014025058793909728 400 11.396011396011396
1000 4.207876863032939e-05 0.016246537756101714 500 11.904761904761905
1000 3.5559403340756386e-05 0.01863204751311323 600 12.269938650306747
1010 0.00015089790387220038 0.01052379517314983 100 8.928571428571427
1010 8.102168058123126e-05 0.01358480663729627 200 9.661835748792269
1010 6.225267612499213e-05 0.016999851374161157 300 10.79136690647482
1010 4.8096858877324284e-05 0.01485089844738012 400 11.527377521613833
1010 4.445800162504616e-05 0.017100222888976967 500 12.048192771084338
1010 3.933989086252181e-05 0.018611208997613527 600 12.295081967213113
1020 0.0001304450489604322 0.011215925759348997 100 8.695652173913043
1020 7.869290157757307e-05 0.014873898786304454 200 9.75609756097561
1020 6.408779955990803e-05 0.017597654025335894 300 10.94890510948905
1020 5.2661724455782144e-05 0.016212459149187786 400 11.627906976744187
1020 4.459816245946005e-05 0.018054451164390733 500 12.135922330097086
1020 3.641834313622751e-05 0.019110914393919508 600 12.170385395537524
1030 0.00011503381636020289 0.014319664805926266 100 8.620689655172413
1030 7.863703482893234e-05 0.016197068779915863 200 9.9009900990099
1030 6.0325699131032996e-05 0.01835527293448011 300 11.07011070110701
1030 4.9437832318350676e-05 0.016880759213486918 400 11.730205278592376
1030 4.7891285878819714e-05 0.018610172849321482 500 12.224938875305622
1030 2.5198224717506063e-05 0.01941525584970938 600 11.952191235059761
1040 0.000116426724828131 0.015852194170261937 100 8.620689655172413
1040 8.790924182348093e-05 0.017373835750466988 200 10.0
1040 6.153616022898343e-05 0.018826218314148768 300 11.194029850746269
1040 4.807134601976745e-05 0.017438679593573626 400 11.834319526627217
1040 4.7613816810499656e-05 0.019723658031970754 500 12.345679012345679
1040 2.742545504965429e-05 0.019811966540103816 600 11.834319526627219
1050 0.00014163531578476786 0.017997104059636525 100 8.620689655172413
1050 9.75488446301931e-05 0.01907461192984413 200 10.15228426395939
1050 6.617262348248593e-05 0.019862032239492795 300 11.320754716981131
1050 5.643245213541689e-05 0.0192302535113547 400 11.940298507462687
1050 4.9307563933601525e-05 0.02154968741184132 500 12.43781094527363
1050 3.5960114918513366e-05 0.020640833740035856 600 11.764705882352942
1060 0.00013335195914377076 0.018051036252298255 100 8.695652173913043
1060 9.558119789578283e-05 0.020473263991902795 200 10.309278350515463
1060 6.675864288679617e-05 0.019452820854226557 300 11.450381679389311
1060 5.461521378437431e-05 0.01966840572763974 400 12.048192771084336
1060 4.275258738768313e-05 0.021541918590398026 500 12.531328320802004
1060 3.8060239431263334e-05 0.019729001414301006 600 11.71875
1070 0.00012229743471116217 0.020495203680267502 100 8.771929824561402
1070 9.196388339940324e-05 0.02325737932496013 200 10.471204188481675
1070 5.823114965379168e-05 0.019812034876321816 300 11.583011583011581
1070 4.8339509208760795e-05 0.020142474574116106 400 12.158054711246201
1070 4.3265278662369404e-05 0.02174947387546875 500 12.626262626262626
1070 3.749660897442348e-05 0.01953282389028489 600 11.627906976744185
1080 0.00014007924747296512 0.02327153797526049 100 8.849557522123893
1080 8.46303462930311e-05 0.025024794392958235 200 10.695187165775401
1080 5.7290243588324975e-05 0.020598688317746017 300 11.71875
1080 4.865995330198956e-05 0.02069393752106015 400 12.307692307692308
1080 4.4306923985839554e-05 0.02296018088139672 500 12.755102040816325
1090 0.00012661572615982322 0.026264602246397685 100 9.009009009009008
1090 7.852425140288866e-05 0.026183910301702137 200 10.869565217391303
1090 5.441040850154477e-05 0.019755115544882698 300 11.904761904761903
1090 4.90700419872696e-05 0.020626878056802266 400 12.461059190031152
1090 4.456303423682949e-05 0.022526070847105447 500 12.853470437017993
1100 0.00010407244054795904 0.026669616189411036 100 9.345794392523363
1100 7.2419207339903e-05 0.0263899590251429 200 11.173184357541897
1100 4.100413498986045e-05 0.01995787775002264 300 12.096774193548386
1100 4.771657938515425e-05 0.020488757749409805 400 12.658227848101266
1100 4.114931652577127e-05 0.02238107669117787 500 12.987012987012987
1110 6.800001935984433e-05 0.027153273029540518 100 9.80392156862745
1110 4.777834983228246e-05 0.026458850541626583 200 11.560693641618496
1110 2.527219930104866e-05 0.019948922471867074 300 12.396694214876032
1110 3.612827375376048e-05 0.020212590009627527 400 12.861736334405144
1110 2.9099306598255258e-05 0.02137380706786898 500 13.157894736842104
1120 3.466227383475819e-05 0.026742221658229703 100 10.309278350515463
1120 2.671850071992174e-05 0.025469683277815038 200 11.976047904191617
1120 2.0220345027836847e-05 0.019135381058850313 300 12.658227848101264
1120 2.8280152327824024e-05 0.01956153890810258 400 13.114754098360656
1120 2.6082660237254377e-05 0.01950191349151411 500 13.26259946949602
1130 2.4342415250861432e-05 0.025349898672846587 100 10.869565217391303
1130 2.771546189911727e-05 0.023867967196190495 200 12.345679012345679
1130 2.4307912686957816e-05 0.018485944385347876 300 12.93103448275862
1130 2.7649587077674132e-05 0.018998054405518102 400 13.333333333333334
1130 2.179965140404289e-05 0.01831816669047977 500 13.26259946949602
1140 3.869773590779754e-05 0.022916008017358717 100 11.235955056179774
1140 3.279871830883166e-05 0.022171457855555503 200 12.658227848101266
1140 2.8152410105427923e-05 0.017912425844326247 300 13.157894736842104
1140 3.2799108339377524e-05 0.018039667019207714 400 13.559322033898304
1140 2.7974750130085177e-05 0.01730935460971715 500 13.054830287206265
1150 5.158123306699671e-05 0.02318608833682623 100 11.627906976744187
1150 3.027510944066851e-05 0.02130534868829102 200 12.903225806451612
1150 2.1470670002479234e-05 0.017133771062161778 300 13.333333333333334
1150 3.2079451485679235e-05 0.018391674141407636 400 13.6986301369863
1150 3.458183857844869e-05 0.017023222838690778 500 12.820512820512821
1160 6.467382681928553e-05 0.022579187975345104 100 11.904761904761905
1160 3.1457037106355885e-05 0.02084273854422804 200 13.157894736842104
1160 2.600020443275043e-05 0.017214487183627968 300 13.513513513513512
1160 3.01500637587942e-05 0.01915354322776918 400 13.840830449826989
1160 4.755590286111644e-05 0.01638064189565622 500 12.690355329949236
1170 6.618256069187758e-05 0.023207435316638297 100 12.345679012345679
1170 3.2618860964958545e-05 0.019970265119973508 200 13.333333333333334
1170 3.156727525610446e-05 0.018240729722193712 300 13.6986301369863
1170 2.5134164058815354e-05 0.01942806856775932 400 13.986013986013985
1170 6.118760641840941e-05 0.015334406518631171 500 12.594458438287154
1180 5.743811055568775e-05 0.025615505919622143 100 12.658227848101266
1180 3.236857246987455e-05 0.018771126906273892 200 13.605442176870747
1180 3.558506636207391e-05 0.018453696434689224 300 13.824884792626726
1180 2.7029760088979473e-05 0.019200038744313596 400 14.08450704225352
1180 5.4730250471978254e-05 0.01472873233992371 500 12.468827930174562
1190 4.899414427139015e-05 0.02738617539189693 100 13.157894736842104
1190 1.5484043936337654e-05 0.01904332354538111 200 13.793103448275861
1190 2.255580894509932e-05 0.018460184546859743 300 14.018691588785046
1190 2.418378925641952e-05 0.020430888492199307 400 14.234875444839856
1200 3.363878742463198e-05 0.025469742468803878 100 13.513513513513512
1200 1.8849276361812506e-05 0.01572179663267679 200 13.986013986013985
1200 3.102551387840552e-05 0.016994919377125845 300 14.150943396226413
1200 2.6686652553355774e-05 0.01878818226194856 400 14.285714285714286
1210 3.512569557705839e-05 0.025032348426733523 100 13.6986301369863
1210 1.239955841132059e-05 0.01554764381549758 200 14.08450704225352
1210 3.314269587170474e-05 0.016957216173376442 300 14.285714285714286
1210 2.26578308316e-05 0.018626623831282364 400 14.285714285714286
1220 3.739147305295178e-05 0.023271665855317966 100 13.88888888888889
1220 2.3338100111884107e-05 0.015495661034999213 200 14.184397163120567
1220 3.5106417834310946e-05 0.017021889450410645 300 14.354066985645932
1220 2.6533776773499863e-05 0.016703350433145813 400 13.986013986013985
1230 2.9561135137503754e-05 0.02239101014221298 100 14.08450704225352
1230 1.985019444766557e-05 0.015562547837911197 200 14.285714285714286
1230 4.47671321819892e-05 0.016543842965453245 300 14.423076923076923
1230 4.461051388525136e-05 0.01555227153153755 400 13.333333333333334
1240 6.524517349329648e-06 0.02114262325363392 100 14.285714285714286
1240 2.0376870346450654e-05 0.01545079726399891 200 14.285714285714286
1240 3.8994029453403224e-05 0.0180787553951229 300 14.492753623188404
1240 6.676108509524465e-05 0.014368183302922687 400 12.861736334405144
1250 3.5662004965293257e-06 0.01877691227992031 100 14.285714285714286
1250 2.6855841274209986e-05 0.016890590785014797 200 14.388489208633093
1250 2.0581608573464722e-05 0.018860415297279304 300 14.492753623188404
1250 8.923849092141286e-05 0.012274900954276503 400 12.578616352201257
1260 3.1195653587023345e-05 0.013116482440288093 100 14.285714285714286
1260 2.9873402335480087e-05 0.015557354036790615 200 14.388489208633093
1260 2.400092370126721e-05 0.017340086928636807 300 14.563106796116504
1260 7.136280561932983e-05 0.010337380732782533 400 12.232415902140671
1270 4.728129199719106e-05 0.010122797795523419 100 14.285714285714286
1270 4.101507436886317e-05 0.0140241060711988 200 14.388489208633093
1270 2.941437341341575e-05 0.017244782433995937 300 14.492753623188404
1280 3.156179323687742e-05 0.008516883501694309 100 14.08450704225352
1280 4.3090510924529006e-05 0.013898253503147627 200 14.388489208633093
1280 2.4981290562207683e-05 0.01699788550216999 300 14.423076923076923
1290 2.374916944935993e-05 0.009323499199994199 100 14.08450704225352
1290 4.457627020732259e-05 0.01464690679392708 200 14.388489208633093
1290 3.058485444638343e-05 0.014847263101731269 300 13.953488372093023
1300 1.7172573650614252e-05 0.010278080745500932 100 14.08450704225352
1300 6.0688360726903005e-05 0.014833352547557545 200 14.388489208633093
1300 6.0073889420848846e-05 0.013163721411333922 300 12.93103448275862
1310 4.341145291100661e-05 0.010620039977233889 100 14.08450704225352
1310 5.445797271006218e-05 0.016837220759678383 200 14.492753623188404
1310 9.210822576780204e-05 0.012000254346563733 300 12.345679012345679
1320 6.117664182325025e-05 0.016396719172763155 100 14.08450704225352
1320 2.7025610140655494e-05 0.01934078964918008 200 14.492753623188404
1320 0.00011585971636444932 0.010351280532483506 300 12.0
1330 4.763559260381838e-05 0.018387291091582995 100 14.08450704225352
1330 3.77477405118509e-05 0.020867577114728107 200 14.492753623188404
1330 9.46928248512973e-05 0.011363936628332044 300 11.538461538461538
1340 6.300555190491744e-05 0.0191751249087561 100 14.08450704225352
1340 3.966907744150274e-05 0.022021742018674243 200 14.492753623188404
1350 0.00010000457627069662 0.020437103830920213 100 14.285714285714286
1350 4.628740186079655e-05 0.02213874757168949 200 14.285714285714286
1360 9.661447556427968e-05 0.020924864394043185 100 14.285714285714286
1360 4.5637746404915e-05 0.017691782280017398 200 13.605442176870747
1370 0.00012012940705022159 0.019972453800172457 100 14.492753623188404
1370 9.799086055285027e-05 0.014923366377809494 200 12.269938650306749
1380 5.975980861299204e-05 0.024527107215834083 100 14.492753623188404
1380 0.00013729788034436008 0.013104151739130727 200 11.494252873563218
1390 2.833050429811809e-05 0.02288274704991891 100 14.492753623188404
1390 0.00015804174493215178 0.007872673022501503 200 11.049723756906076
1400 3.168164205355718e-05 0.02502288118621935 100 14.492753623188404
1410 3.124425490797761e-05 0.024703117611435097 100 14.492753623188404
1420 3.162653402496282e-05 0.02262855747542765 100 13.88888888888889
1430 3.272663780282053e-05 0.01427157138850885 100 12.19512195121951
1440 0.00017916366468899458 0.010047405475507712 100 10.1010101010101
1450 0.00029150307313042026 0.006890151800068174 100 9.25925925925926
1460 0.0003222444634049175 0.014279988385084376 100 8.547008547008547
