0 0.00015558533887018855 0.011315030807037614 100 7.633587786259541
0 4.674434621304556e-05 0.02136226167331027 200 7.782101167315174
0 8.302800337241887e-05 0.02131671159114983 300 7.772020725388601
0 6.598399964007213e-05 0.01915621632803536 400 8.146639511201629
0 4.526869608138221e-05 0.02316294086879845 500 8.051529790660226
0 3.7427356800027484e-05 0.020251246891038202 600 7.957559681697612
0 3.0169431284433587e-05 0.016074603836410278 700 8.505467800729038
0 1.1953853046842568e-05 0.014660475905488532 800 8.528784648187631
10 0.00015590252808190375 0.013173000029806618 100 8.130081300813007
10 3.752408362227606e-05 0.021330598547245394 200 8.0
10 7.232445481767809e-05 0.02052818033534451 300 7.936507936507936
10 5.778713378401034e-05 0.0182026865683819 400 8.281573498964802
10 4.041933492484318e-05 0.021918618362564254 500 8.064516129032258
10 3.1445596537989126e-05 0.0183464387811845 600 8.042895442359248
10 2.6399775546234735e-05 0.013648534289538742 700 8.5995085995086
10 1.4397756705978347e-05 0.0125256201220248 800 8.592910848549945
20 0.00015076403820154266 0.016749067485474257 100 8.547008547008547
20 4.0568935753836744e-05 0.021961961914598448 200 8.16326530612245
20 6.49768576888125e-05 0.02061805361296711 300 8.064516129032258
20 5.4414554401401744e-05 0.019192927626126975 400 8.403361344537815
20 3.042193948939866e-05 0.0225028356564142 500 7.974481658692184
20 2.874108417100672e-05 0.019001951966552123 600 8.130081300813009
20 2.2096904616908698e-05 0.014152920816706507 700 8.674101610904584
20 1.3013663462934366e-05 0.012867870969739294 800 8.658008658008658
30 0.00010801067506157136 0.01878591126835569 100 8.928571428571427
30 5.4532745954581524e-05 0.023367039341070338 200 8.23045267489712
30 6.911495239407032e-05 0.02153203829566631 300 8.152173913043477
30 5.553484397551847e-05 0.020880595702880003 400 8.47457627118644
30 2.5055149165006227e-05 0.024152917519058632 500 7.898894154818325
30 3.22330497724503e-05 0.02093217857513362 600 8.19672131147541
30 2.518889829604666e-05 0.016635031333500663 700 8.75
30 7.159122015641991e-06 0.014909593299956315 800 8.686210640608033
40 9.120055702414895e-05 0.019718967695929804 100 9.009009009009008
40 6.12103489339231e-05 0.025567834083963327 200 8.23045267489712
40 7.072558562029391e-05 0.02177674211002259 300 8.174386920980925
40 5.686509217639583e-05 0.02135825879905532 400 8.528784648187631
40 2.811258532523185e-05 0.024087940082575508 500 7.861635220125786
40 3.436974817558563e-05 0.02086359002919157 600 8.241758241758243
40 2.388507405824703e-05 0.016943642857021084 700 8.79396984924623
40 8.339241134112446e-06 0.014920998114213433 800 8.629989212513484
50 9.715557714685974e-05 0.01950696904459993 100 9.090909090909092
50 5.9062942915692484e-05 0.024634110286023015 200 8.19672131147541
50 7.752153316612395e-05 0.020923188266866635 300 8.19672131147541
50 6.094183666785039e-05 0.021013947708566964 400 8.547008547008547
50 3.067765013165588e-05 0.023382569768100776 500 7.861635220125786
50 3.4568859324997836e-05 0.020136397755026934 600 8.287292817679557
50 2.584163437014268e-05 0.016938024350982305 700 8.816120906801007
50 3.873684296368057e-06 0.01452604351106317 800 8.333333333333334
60 8.957810232672133e-05 0.016139875953220226 100 9.174311926605505
60 6.144442845510851e-05 0.024041095149417786 200 8.16326530612245
60 8.226087124320345e-05 0.019713672304665364 300 8.219178082191782
60 6.032608411987883e-05 0.021743160032539524 400 8.547008547008547
60 3.1213692872274265e-05 0.02331223666115031 500 7.861635220125786
60 3.49729008621095e-05 0.01994123673355893 600 8.333333333333334
60 2.9661312340583067e-05 0.017571010091885494 700 8.80503144654088
60 7.3698957391893706e-06 0.014827722702084812 800 8.281573498964802
70 0.00010753309317625046 0.017750886761305793 100 9.174311926605505
70 7.887978121101702e-05 0.025377598883066316 200 8.16326530612245
70 8.544411779799565e-05 0.0209514146276461 300 8.264462809917354
70 7.172499342775687e-05 0.023231833377809017 400 8.528784648187631
70 3.133378059518265e-05 0.024545083299113327 500 7.886435331230283
70 3.674197523707907e-05 0.02114085607350017 600 8.391608391608392
70 2.5462663552021517e-05 0.019247042953754605 700 8.73907615480649
70 9.79031509598462e-06 0.01576046071066124 800 8.281573498964802
80 9.769876305265937e-05 0.023338126403010494 100 9.174311926605505
80 9.286461071160578e-05 0.02693691973472068 200 8.130081300813007
80 8.40425882540688e-05 0.022862436536670427 300 8.287292817679557
80 6.741653218014924e-05 0.024084592755891115 400 8.492569002123142
80 3.848601478652877e-05 0.025799826247928783 500 7.911392405063291
80 3.898644476875392e-05 0.022237116598397475 600 8.438818565400842
80 1.8694956813592692e-05 0.02029590451129598 700 8.695652173913043
80 9.810967335334455e-06 0.016558268979761374 800 8.290155440414507
90 8.906636758225572e-05 0.029330600277935544 100 8.928571428571427
90 8.778340841457492e-05 0.026871581586659494 200 8.032128514056224
90 7.531862289192283e-05 0.022655815127739856 300 8.264462809917354
90 6.178162197992888e-05 0.024530321794220978 400 8.438818565400842
90 4.33555108477278e-05 0.025084816211077887 500 7.923930269413629
90 3.8957864616426754e-05 0.020570784564030522 600 8.474576271186441
90 5.89952654602842e-06 0.018816687361531893 700 8.663366336633661
90 8.548461018373323e-06 0.015383498413012278 800 8.281573498964802
100 9.984184842483407e-05 0.03012007493077745 100 8.695652173913043
100 7.717156003222919e-05 0.025938204927899076 200 7.936507936507936
100 6.426884677208728e-05 0.02159581560602082 300 8.264462809917354
100 5.145440385192357e-05 0.024523960774861093 400 8.368200836820083
100 3.658491330832884e-05 0.023441736864975683 500 7.936507936507937
100 3.707942652787171e-05 0.01818140221723868 600 8.522727272727272
100 8.98711160829155e-06 0.01660800736079386 700 8.641975308641975
100 1.0206033346016502e-05 0.013785841797746879 800 8.273009307135471
110 0.00011675802065840478 0.03370089202779749 100 8.403361344537815
110 6.965874299725553e-05 0.026804224490834416 200 7.874015748031495
110 6.41724210356942e-05 0.022357744516982588 300 8.264462809917354
110 3.9664938313340375e-05 0.025963391843648133 400 8.316008316008316
110 3.089495720582079e-05 0.02329498184859989 500 7.949125596184419
110 3.1411332607232624e-05 0.018042643627158267 600 8.559201141226819
110 1.1319473208861438e-05 0.01628492351035379 700 8.641975308641975
110 9.192757177525826e-06 0.013542341860827495 800 8.273009307135471
120 0.00011030226905515373 0.03711187553913057 100 8.064516129032258
120 8.330927402482471e-05 0.027657277666834883 200 7.8431372549019605
120 6.484640433122167e-05 0.022697584186051147 300 8.264462809917354
120 4.519244769031416e-05 0.02613300965213527 400 8.264462809917354
120 3.161485197371922e-05 0.022734722164152826 500 7.974481658692184
120 3.0809483886547756e-05 0.017689627485620016 600 8.60832137733142
120 1.0888449172785775e-05 0.015889907589754282 700 8.641975308641975
120 4.9295086134638105e-06 0.013218848384801536 800 8.273009307135471
130 0.0001345092527898178 0.034261660805769346 100 7.8125
130 8.539380661147882e-05 0.027565129691142 200 7.782101167315174
130 7.758216866498518e-05 0.02302378955263645 300 8.287292817679557
130 4.1030671055509654e-05 0.02696331860077489 400 8.113590263691682
130 3.7076451289531375e-05 0.02325269492203207 500 8.0
130 3.272597657046675e-05 0.018416691227616497 600 8.658008658008658
130 1.0063839356582948e-05 0.016458806431859988 700 8.652657601977749
130 5.9423149686370034e-06 0.013617087490564917 800 8.255933952528379
140 0.0001339649886593272 0.0275830120486817 100 7.575757575757575
140 8.064384534500584e-05 0.022332834204001468 200 7.782101167315174
140 6.971723406402571e-05 0.019901997949353455 300 8.310249307479223
140 2.657596792442828e-05 0.023696910123157826 400 7.677543186180422
140 3.8138080179775356e-05 0.019833117323410438 500 8.038585209003216
140 3.4962909942088084e-05 0.01532471812568732 600 8.695652173913043
140 1.0712788503049465e-05 0.013953892648730131 700 8.641975308641975
140 8.873621520541258e-06 0.011764988619540031 800 8.18833162743091
150 0.00010557623349616986 0.03057262356080442 100 7.462686567164179
150 8.285255468877768e-05 0.02095468326817858 200 7.751937984496124
150 6.375655566784494e-05 0.019041044319254987 300 8.333333333333334
150 2.7564691259627293e-05 0.02208301785011224 400 7.604562737642586
150 3.694593136500081e-05 0.01797603586549343 500 8.090614886731391
150 3.259286738793122e-05 0.013808449738521992 600 8.73362445414847
150 1.2574545761292909e-05 0.012539188598147297 700 8.536585365853659
150 2.5142821206836975e-05 0.01077749653964076 800 7.662835249042145
160 9.770806311446799e-05 0.02839140667616979 100 7.352941176470588
160 8.841030949997296e-05 0.019261502485793957 200 7.782101167315174
160 6.491266902445189e-05 0.01815666394253106 300 8.356545961002785
160 3.159515176289194e-05 0.020495380109925087 400 7.575757575757575
160 3.862786668722117e-05 0.016410983247628526 500 8.130081300813009
160 3.194844999073661e-05 0.013404745405419855 600 8.75912408759124
160 1.6992582531839622e-05 0.011833708908917074 700 8.2063305978898
170 8.16586096539954e-05 0.031278384997383085 100 7.2992700729927
170 9.276470968433661e-05 0.018124779025638773 200 7.8125
170 6.896917287491039e-05 0.02033631725714625 300 8.333333333333334
170 3.083266965791173e-05 0.020887763830297685 400 7.575757575757575
170 3.975577795680284e-05 0.016447830869891066 500 8.183306055646481
170 3.058879668772272e-05 0.014274894887673978 600 8.708272859216255
170 1.2331310968690034e-05 0.012282033407398701 700 8.158508158508157
180 0.00010050124231901028 0.03007850559884847 100 7.246376811594202
180 9.303342155941242e-05 0.016300579212123804 200 7.8431372549019605
180 6.753636435406573e-05 0.019303815276710226 300 8.287292817679557
180 3.193460957095979e-05 0.01922917723631268 400 7.604562737642586
180 4.409501736265702e-05 0.01474145114033256 500 8.237232289950576
180 2.0910532199297024e-05 0.01343085004296821 600 8.633093525179856
180 1.629493791730855e-05 0.011175409406748455 700 8.149010477299184
190 0.00011052643876968384 0.02660332075995753 100 7.194244604316546
190 8.058135984036294e-05 0.015487456976482345 200 7.874015748031495
190 5.9946767328912614e-05 0.01798376811078319 300 8.264462809917354
190 2.996555624511607e-05 0.018899059265806786 400 7.633587786259541
190 3.6893977078477663e-05 0.01412141308860796 500 8.305647840531561
190 5.232598940757467e-06 0.012555352830028938 600 8.595988538681949
190 8.003520985942715e-06 0.010638288861367532 700 8.158508158508157
200 0.00012012556468634947 0.0209201992847556 100 7.194244604316546
200 8.183291790510851e-05 0.013629723809596364 200 7.905138339920948
200 6.188248587954171e-05 0.0176132184416491 300 8.264462809917354
200 4.284260282925535e-05 0.018059326041395932 400 7.677543186180422
200 4.1099688334049685e-05 0.01290818119550464 500 8.375209380234505
200 6.998751252402003e-06 0.012195717999305647 600 8.595988538681949
200 9.879581021118546e-06 0.010207485018410506 700 8.177570093457943
210 0.0001362463737305913 0.018968490609934593 100 7.246376811594202
210 6.620888102805064e-05 0.012754062085622717 200 7.96812749003984
210 5.2879198457656145e-05 0.018551335306507443 300 8.241758241758243
210 3.667586990707594e-05 0.016695612936991663 400 7.722007722007722
210 3.7814723711574326e-05 0.010399831334837982 500 8.445945945945946
210 1.3542815870673038e-05 0.009969045890117165 600 8.60832137733142
210 7.614383545789113e-06 0.008631886209477926 700 8.19672131147541
220 0.00015038582922106554 0.018624838824035508 100 7.2992700729927
220 8.616439477684407e-05 0.013675153430298648 200 8.064516129032258
220 5.84307423767578e-05 0.020884210897926192 300 8.241758241758243
220 4.0827707886443664e-05 0.017583990867968045 400 7.766990291262136
220 3.776847025700088e-05 0.011515439410861963 500 8.517887563884157
220 1.0071018399148704e-05 0.010910761096091993 600 8.633093525179856
220 6.435181776880682e-06 0.009300903228544766 700 8.225616921269093
230 0.00013409188895768237 0.017568532309676622 100 7.352941176470588
230 7.677573185087515e-05 0.013365702472415683 200 8.16326530612245
230 4.7236329293218676e-05 0.020429136977912585 300 8.264462809917354
230 3.9796403158111106e-05 0.01642801398808619 400 7.8277886497064575
230 3.490124472181627e-05 0.01060564807732382 500 8.59106529209622
230 1.5374215884200452e-05 0.010060504689651577 600 8.670520231213873
230 8.842820871432105e-06 0.008657537156246516 700 8.244994110718492
240 0.00015795780253657218 0.01557886448956283 100 7.462686567164179
240 7.969984461504187e-05 0.01256409508939138 200 8.29875518672199
240 5.108258707425633e-05 0.019936268504934258 300 8.287292817679557
240 3.7193479312681445e-05 0.015590880412821133 400 7.905138339920948
240 3.1472934543859873e-05 0.010171459876542619 500 8.680555555555555
240 1.816265352974046e-05 0.009487213810593732 600 8.720930232558139
240 1.0878281565747732e-05 0.008203151370269933 700 8.274231678486997
250 0.00016298793799245217 0.016857473324770538 100 7.633587786259541
250 8.853371880089022e-05 0.012630960028099845 200 8.438818565400842
250 5.644690140761149e-05 0.020177963609525264 300 8.287292817679557
250 4.260467967337793e-05 0.014532650225954857 400 7.984031936127744
250 3.579738378816944e-05 0.00928974165117523 500 8.771929824561404
250 1.847951997447064e-05 0.00907331236835756 600 8.771929824561402
250 1.2783364156942898e-05 0.00807626343604297 700 8.30367734282325
260 0.00016176928718390982 0.017438740707485165 100 7.751937984496124
260 8.800751717419815e-05 0.012491557407460597 200 8.547008547008547
260 5.279695870183886e-05 0.019199043575867 300 8.02139037433155
260 3.9214275063635254e-05 0.013243209605211147 400 8.064516129032258
260 3.613427695147982e-05 0.007956389942293009 500 8.849557522123893
260 2.044333830797292e-05 0.00821114260666902 600 8.810572687224669
260 1.4252973052585005e-05 0.007566871795208958 700 8.31353919239905
270 0.00016471614883188822 0.013736535699610758 100 7.874015748031495
270 7.303408875449364e-05 0.012718359165583788 200 8.658008658008658
270 4.5007145561726705e-05 0.018133744756359257 300 7.6923076923076925
270 4.09434200678684e-05 0.012016207073758556 400 8.130081300813007
270 3.577644807301305e-05 0.006607862374418281 500 8.928571428571429
270 2.143938907542239e-05 0.007253545309188599 600 8.823529411764707
270 1.19574692462588e-05 0.0069319156659066045 700 8.264462809917354
280 0.00014160078244180904 0.008703797999034599 100 7.936507936507936
280 5.742402632344664e-05 0.010228871706213815 200 8.771929824561402
280 2.9163625277753394e-05 0.015330987775199374 300 7.614213197969542
280 3.843987780593566e-05 0.009680423925126793 400 8.213552361396303
280 3.260422166371233e-05 0.005211299082330053 500 9.00900900900901
280 1.6859049256370235e-05 0.006157210692689316 600 8.784773060029282
280 2.2721788658606694e-05 0.006271211922261761 700 7.803790412486064
290 0.00013171102135408502 0.007138932286095289 100 8.064516129032258
290 5.641403639094526e-05 0.009371188491522894 200 8.849557522123893
290 2.851473820444529e-05 0.013373532925488598 300 7.614213197969542
290 3.551701147206576e-05 0.007939036813876994 400 8.281573498964802
290 2.9685456569046636e-05 0.004357777072165691 500 9.057971014492754
290 2.100417457860158e-05 0.005471412891380321 600 8.403361344537814
300 0.0001259378865511209 0.0031067194274433624 100 8.19672131147541
300 6.380961602060955e-05 0.011371237001309003 200 8.928571428571427
300 2.027201324157571e-05 0.013878431839920321 300 7.633587786259541
300 3.260853438347154e-05 0.008911232875979579 400 8.368200836820083
300 2.6336898937713e-05 0.006152191326336399 500 9.074410163339383
300 1.6754943551881137e-05 0.006526098673313585 600 8.321775312066574
310 0.00010051415193859317 0.003474818390957906 100 8.333333333333334
310 6.829934187253522e-05 0.011535261328647987 200 8.88888888888889
310 1.6044977594164675e-05 0.011952402793855876 300 7.672634271099744
310 3.102651487698999e-05 0.007132977961447395 400 8.456659619450317
310 1.6926484541888008e-05 0.005560077907532792 500 9.00900900900901
310 1.9001415351389353e-05 0.005996613811473121 600 8.310249307479223
320 8.29913554393805e-05 0.005306434117707385 100 8.47457627118644
320 4.589510387599449e-05 0.010857859356292607 200 8.849557522123893
320 8.027176662684242e-06 0.011237393295855953 300 7.731958762886597
320 2.969504695431412e-05 0.006105497014498016 400 8.547008547008547
320 3.1200248588736424e-06 0.004686209502527954 500 8.944543828264758
320 2.0126922852906798e-05 0.004868393999267875 600 8.321775312066574
330 5.504437675058144e-05 0.004467381201522496 100 8.620689655172413
330 4.300599111215685e-05 0.010964809069424075 200 8.849557522123893
330 2.10269920919725e-05 0.010014123338188807 300 7.772020725388601
330 3.8388767731564613e-05 0.004429920002310626 400 8.620689655172413
330 2.5688644109702436e-05 0.003928286384265082 500 8.9126559714795
330 2.4681948612251226e-05 0.00423360753287302 600 8.333333333333334
340 7.176849024230484e-05 0.0051980507856404035 100 8.695652173913043
340 4.539981098877111e-05 0.014122576937062576 200 8.849557522123893
340 2.3716634070356948e-05 0.010832338293559557 300 7.832898172323759
340 3.978671989712649e-05 0.004239808791963553 400 8.714596949891066
340 3.1855390146933395e-05 0.004173241188061458 500 8.9126559714795
340 2.704240524810828e-05 0.0043360645713652135 600 8.356545961002785
350 6.947431003428418e-05 0.0067916741797401144 100 8.849557522123893
350 3.1472295168042846e-05 0.016865815463875406 200 8.771929824561402
350 2.3273765204594623e-05 0.010844013999306512 300 7.894736842105263
350 4.109834558297617e-05 0.003138462856152642 400 8.810572687224669
350 3.7506349874579635e-05 0.003732575827898495 500 8.928571428571429
350 2.6467043587439826e-05 0.004202525877012779 600 8.368200836820083
360 6.767980612414451e-05 0.007705445866652298 100 8.928571428571427
360 2.7201667566558296e-05 0.01864776359694932 200 8.771929824561402
360 2.999189564116291e-05 0.010058371270744135 300 7.936507936507936
360 4.51512904081097e-05 0.00234521678746789 400 8.88888888888889
360 3.820084575215326e-05 0.0036030826180557442 500 8.960573476702509
360 2.5009204412908665e-05 0.004254119037782444 600 8.391608391608392
370 5.720651721061061e-05 0.009206049392148271 100 9.090909090909092
370 2.7733182888739245e-05 0.018555584918655284 200 8.73362445414847
370 3.185262453566273e-05 0.009021290584602807 300 8.0
370 4.5080333502460276e-05 0.0019034768254573419 400 8.98876404494382
370 4.304333097288281e-05 0.0030496315459534146 500 8.976660682226212
370 2.7111543432095786e-05 0.004013837631294168 600 8.403361344537814
380 6.201135473594678e-05 0.011334950550441418 100 9.25925925925926
380 2.9776813495767745e-05 0.01919271226959679 200 8.620689655172413
380 3.383103569717601e-05 0.008305895510170939 300 8.086253369272237
380 4.1255433795084974e-05 0.0018708302912213192 400 9.070294784580499
380 4.410915784562065e-05 0.0028348496408722493 500 9.00900900900901
380 2.8427781900438175e-05 0.003875236665748898 600 8.41514726507714
390 6.780624975871938e-05 0.013807392931305285 100 9.433962264150942
390 4.597362447316243e-05 0.0185316877393627 200 7.8431372549019605
390 3.3350663515435315e-05 0.008422803501563122 300 8.152173913043477
390 4.48399077871482e-05 0.0020263708432038214 400 9.174311926605505
390 4.289047174461434e-05 0.0031337377947785947 500 9.025270758122742
390 2.6537765128010524e-05 0.004296573373406284 600 8.379888268156424
400 8.416429151402293e-05 0.016377580434741926 100 9.615384615384615
400 4.661391346614229e-05 0.018807204583756794 200 7.462686567164179
400 3.136722185508832e-05 0.008558567581963923 300 8.241758241758243
400 4.01443338294166e-05 0.0032970376923998914 400 9.237875288683602
400 4.361263681557408e-05 0.003670921114712572 500 9.00900900900901
400 2.846770900705359e-05 0.00486089772609109 600 8.241758241758243
410 7.624151764016167e-05 0.018154652861212026 100 9.70873786407767
410 3.922778786834064e-05 0.016722115206762166 200 7.380073800738007
410 2.8811092024658065e-05 0.007758804762179674 300 8.310249307479223
410 3.757464818126834e-05 0.004351979680071715 400 9.30232558139535
410 3.877098669336771e-05 0.0029354348913701437 500 8.650519031141869
420 7.663170015566709e-05 0.02047084669800146 100 9.615384615384615
420 4.701956288681559e-05 0.015343668735031029 200 7.352941176470588
420 3.859790251514146e-05 0.006491703354562566 300 8.379888268156424
420 3.697440779036665e-05 0.004909251379930176 400 9.280742459396752
420 4.610196629929435e-05 0.002824076285480371 500 8.319467554076539
430 5.3072030817628454e-05 0.025341416797762122 100 9.345794392523363
430 4.890596593576893e-05 0.01504342119351606 200 7.352941176470588
430 4.316504429558653e-05 0.006577469432685544 300 8.474576271186441
430 2.2176598610603766e-05 0.005853714649352701 400 9.1324200913242
430 4.308392447879008e-05 0.0033938996852553205 500 8.278145695364238
440 2.9769748635329285e-05 0.022542596234014427 100 9.090909090909092
440 3.0489470007415087e-05 0.014590907042489627 200 7.380073800738007
440 4.27522300060733e-05 0.005623799318284552 300 8.547008547008547
440 2.7747961689852207e-05 0.005517088074292863 400 9.009009009009008
440 3.726066042415454e-05 0.0036885145424189135 500 8.264462809917354
450 2.024769505780454e-05 0.02444670290579471 100 8.928571428571427
450 2.217322374552263e-05 0.013880995817368388 200 7.407407407407407
450 4.809928611455547e-05 0.0044331025314060055 300 8.645533141210374
450 4.8885360219277276e-05 0.005525097910737479 400 8.94854586129754
450 4.057772222163704e-05 0.003838280288627974 500 8.264462809917354
460 2.6773246532939655e-05 0.028306779729761575 100 8.695652173913043
460 2.862821767161789e-05 0.014200621683418822 200 7.434944237918215
460 4.8421821092973774e-05 0.0026051137345315134 300 8.746355685131194
460 5.324458304160668e-05 0.004039789348130932 400 8.928571428571427
460 3.4211681765135796e-05 0.0045265010922624456 500 8.264462809917354
470 4.2471873706122e-05 0.03265317549156513 100 8.47457627118644
470 3.9630000690567434e-05 0.013057371158200397 200 7.462686567164179
470 5.0074234772321553e-05 0.0026852780125630415 300 8.823529411764707
470 5.740050756158051e-05 0.0033417060969373625 400 8.928571428571427
470 3.658267659526788e-05 0.004503944818203826 500 8.264462809917354
480 3.353456025073209e-05 0.031347205852655574 100 8.19672131147541
480 3.73145541066358e-05 0.011494001969161685 200 7.518796992481203
480 5.605042939431667e-05 0.0019838825055505157 300 8.928571428571429
480 6.150151365319324e-05 0.0030459209763154167 400 8.928571428571427
480 3.5751454514873536e-05 0.004804899469630617 500 8.25082508250825
490 8.055770452955326e-05 0.031379985792434006 100 7.575757575757575
490 4.4737163002563665e-05 0.009422628704184532 200 7.575757575757575
490 5.45932363811029e-05 0.0025270036516223007 300 9.009009009009008
490 6.38447815675656e-05 0.0026399709406299803 400 8.908685968819597
490 3.983290188222085e-05 0.004834072977718415 500 8.223684210526315
500 0.00013103670937508375 0.026598852844236756 100 6.172839506172839
500 5.176748283090078e-05 0.007375382719055776 200 7.633587786259541
500 5.809446241508734e-05 0.0018806753377816872 300 9.090909090909092
500 5.940948391532415e-05 0.0030874547373992067 400 8.869179600886918
500 3.5830846157788965e-05 0.005585967654769877 500 8.077544426494345
510 0.0001113488378588756 0.02133419449931322 100 5.917159763313609
510 5.8412796900111806e-05 0.004985220880109438 200 7.6923076923076925
510 5.594808391024796e-05 0.003011194558671602 300 9.146341463414632
510 4.5926889675487924e-05 0.003858685851002317 400 8.547008547008547
520 0.00010784813522070517 0.017558657530364785 100 5.882352941176471
520 5.236434245707035e-05 0.0028587698420814954 200 7.8125
520 5.085083164928928e-05 0.002959162923139525 300 9.146341463414632
520 5.9049982669102295e-05 0.003622472967303707 400 8.048289738430583
530 0.00011916101233024867 0.012659146978529252 100 5.9523809523809526
530 5.886796300102249e-05 0.0019073375263925657 200 7.96812749003984
530 4.557546120341308e-05 0.0033676392520706464 300 9.090909090909092
530 5.6022076927409274e-05 0.004463581893955054 400 8.016032064128256
540 0.00011923111290664149 0.011679139237906444 100 6.0606060606060606
540 6.798063454758315e-05 0.0033684950113900824 200 8.130081300813007
540 2.9989049668493873e-05 0.002192875229385306 300 8.982035928143713
540 5.711270392419725e-05 0.004167171333143285 400 8.032128514056224
550 8.064129105312696e-05 0.013693796669495734 100 6.134969325153374
550 7.171264636026522e-05 0.002911991918099391 200 8.29875518672199
550 5.580529584869642e-05 0.0021768616584064743 300 8.928571428571429
550 5.313854132433055e-05 0.004900338928246873 400 8.064516129032258
560 4.5296832624426885e-05 0.013266597273456438 100 6.25
560 7.205860087519076e-05 0.00582690152927811 200 8.438818565400842
560 6.830087363638844e-05 0.0011049815828767721 300 8.928571428571429
560 5.355376072545748e-05 0.005325811470585165 400 8.080808080808081
570 4.6476565042534775e-05 0.012471873234198199 100 6.41025641025641
570 6.0763146831145706e-05 0.009674194076971976 200 8.658008658008658
570 7.926782241239212e-05 0.002677596312993602 300 8.955223880597014
570 4.999422473976208e-05 0.005958690786526465 400 8.130081300813007
580 5.421670610310902e-05 0.01437393993089625 100 6.5359477124183005
580 6.839588316988497e-05 0.012849857079907266 200 8.849557522123893
580 7.584494984431529e-05 0.005469670331863491 300 9.009009009009008
580 4.440477925705359e-05 0.006942884245225544 400 8.16326530612245
590 7.174168838023663e-05 0.017033214656464613 100 6.666666666666667
590 7.865574527536108e-05 0.015395842093143652 200 9.049773755656108
590 6.506658903636053e-05 0.00928102187520483 300 9.06344410876133
590 3.984087633263514e-05 0.008577584144664793 400 8.19672131147541
600 3.982249657711041e-05 0.017185207776377352 100 6.84931506849315
600 7.190436202818168e-05 0.014737534726860586 200 9.25925925925926
600 7.75034951360061e-05 0.008566405181094078 300 9.146341463414632
600 3.9718747712709336e-05 0.008293863190678798 400 8.23045267489712
610 5.044194483526192e-05 0.01812531474002814 100 7.092198581560283
610 6.359785165423679e-05 0.015351708732230473 200 9.523809523809524
610 7.765879985978727e-05 0.008941713945238402 300 9.25925925925926
610 4.32134358996852e-05 0.008957505211039824 400 8.281573498964802
620 1.9291654579887786e-05 0.019746818485250648 100 7.462686567164179
620 4.9666053641807307e-05 0.016596938163154416 200 9.852216748768473
620 6.891670223352487e-05 0.01051615014579339 300 9.404388714733543
620 3.4443393537547244e-05 0.01004523505372509 400 8.368200836820083
630 6.219024102327828e-05 0.021601450336469655 100 7.936507936507936
630 6.4991082011438e-05 0.018019742087568468 200 10.256410256410257
630 6.293761621666531e-05 0.012196256664426844 300 9.646302250803858
630 3.306814389971701e-05 0.01115847454087457 400 8.492569002123142
640 9.025730124066291e-05 0.021559580226713178 100 8.547008547008547
640 7.07118488069061e-05 0.018567732954691066 200 10.75268817204301
640 6.182894356280466e-05 0.012732536539357566 300 9.900990099009901
640 3.228920729933687e-05 0.011535114277951309 400 8.620689655172413
650 9.450016443012425e-05 0.022039928802437752 100 9.174311926605505
650 6.197919431484228e-05 0.019066376324555732 200 11.235955056179774
650 5.2264212454196054e-05 0.01315605263467984 300 10.135135135135135
650 2.5620552176417324e-05 0.011862700669296152 400 8.714596949891066
660 8.556628173568652e-05 0.020879317301902924 100 9.80392156862745
660 5.707920597915454e-05 0.017943938540301452 200 11.764705882352942
660 5.06593419972866e-05 0.012486929534422729 300 10.344827586206897
660 2.0981620757647197e-05 0.011802939820349537 400 8.73362445414847
670 8.052959384588046e-05 0.017738652859751958 100 10.416666666666664
670 4.782816313333936e-05 0.015328129712464007 200 12.19512195121951
670 5.34208569735613e-05 0.011591637503448993 300 10.380622837370241
670 2.5937855628631595e-05 0.01107292645135911 400 8.492569002123142
680 7.078508203069335e-05 0.014824879562879421 100 10.989010989010989
680 4.9103607198066553e-05 0.012316240932885369 200 12.5
680 4.867897934013934e-05 0.011317840194230116 300 9.67741935483871
690 7.273861572031769e-05 0.01444344657295362 100 11.494252873563218
690 3.902227411440944e-05 0.009471973381813823 200 12.578616352201257
690 5.39116628850142e-05 0.009864694432644238 300 9.090909090909092
700 9.174752806904295e-05 0.014561318222812146 100 11.904761904761905
700 1.5026545013310281e-05 0.007669413846211882 200 12.048192771084336
700 4.696193376781497e-05 0.00973581852971167 300 9.009009009009008
710 9.61615453395348e-05 0.014781550849169744 100 12.345679012345679
710 3.733227261451008e-05 0.005493188491784251 200 11.494252873563218
710 4.5714040073139085e-05 0.008148365725127888 300 8.955223880597014
720 0.00010370567075190418 0.0180869826039293 100 12.82051282051282
720 9.515223000488146e-05 0.004467715470508327 200 11.235955056179774
720 6.268455426913788e-05 0.0064184460886665415 300 8.90207715133531
730 0.00011040507947567777 0.021769999272102103 100 13.333333333333334
730 0.00010557493017588687 0.006095105752082037 200 11.049723756906076
730 5.422838920531872e-05 0.006491422990035811 300 8.875739644970412
740 0.00010002707632599622 0.02025661374662259 100 13.6986301369863
740 0.00010872765325327412 0.006761324274940904 200 10.92896174863388
740 5.369001164575791e-05 0.006417680997359348 300 8.823529411764707
750 6.951001414748635e-05 0.01824975793593501 100 14.08450704225352
750 0.00011326028093932687 0.006300829919683776 200 10.81081081081081
750 5.3349827954730126e-05 0.007528738731992241 300 8.746355685131194
760 8.501541536369933e-05 0.017507093091331444 100 14.285714285714286
760 0.00011669109071210078 0.005190196983965545 200 10.58201058201058
760 5.094399794523649e-05 0.008047131605520449 300 8.42696629213483
770 7.73997258477728e-05 0.012207149999215067 100 14.08450704225352
770 0.00011318865051605326 0.007758988266559242 200 8.928571428571427
780 3.2961839202415674e-05 0.005176067771645951 100 12.5
780 0.00010047348868115327 0.008793590088821126 200 8.032128514056224
790 0.00018127485167209072 0.00646227733749238 100 10.416666666666664
790 8.540738249043691e-05 0.010433367323826994 200 7.8125
800 0.0002366841335409122 0.012002707808992019 100 9.523809523809524
800 9.522382135063874e-05 0.013112831885248288 200 7.633587786259541
810 0.00021772632947004506 0.009999003202056319 100 9.009009009009008
810 8.626410471235581e-05 0.01334562623903905 200 7.462686567164179
820 0.0002219588533561473 0.011588906332360547 100 8.620689655172413
820 7.371385282735605e-05 0.013634440379817071 200 7.2727272727272725
830 0.0002323225478610603 0.016071666645470467 100 8.130081300813007
830 7.609698906370352e-05 0.016124609218827805 200 6.8259385665529
840 0.00018846915144017296 0.01997344062883188 100 6.211180124223602
850 0.000200733872051643 0.02147549806973811 100 5.813953488372094
860 0.00017081531229678243 0.019828469964043437 100 5.882352941176471
870 0.00015034030663205544 0.015880800626505848 100 6.024096385542168
880 0.00010970143542639124 0.012835944190691442 100 6.134969325153374
890 6.437371200057597e-05 0.012020856115619802 100 6.211180124223602
900 6.60235133041894e-05 0.011357584648667233 100 6.289308176100628
910 5.055707137821853e-05 0.00990144973577518 100 6.329113924050633
920 4.602672767278557e-05 0.00880356424111282 100 6.329113924050633
930 7.63850512224888e-05 0.011591200415026594 100 6.289308176100628
940 6.838311205415985e-05 0.011597669004167503 100 6.172839506172839
950 6.744146546443886e-05 0.011553909230027913 100 5.882352941176471
960 9.18265309935998e-05 0.011014012685769245 100 5.128205128205129
970 0.00016040176651203636 0.009323382406453145 100 4.405286343612334
